0 0 50
0.282011 0.751675 50.031
0.564022 1.50335 50.0619
0.846033 2.25503 50.0929
1.12804 3.0067 50.1239
1.41005 3.75838 50.1549
1.69207 4.51005 50.1858
1.97408 5.26173 50.2168
2.25609 6.0134 50.2478
2.5381 6.76508 50.2788
2.82011 7.51675 50.3097
3.10212 8.26843 50.3407
3.38413 9.0201 50.3717
3.66614 9.77178 50.4026
3.94815 10.5235 50.4336
4.23016 11.2751 50.4646
4.51217 12.0268 50.4956
4.79418 12.7785 50.5265
5.0762 13.5302 50.5575
5.35821 14.2818 50.5885
5.64022 15.0335 50.6194
5.92223 15.7852 50.6504
6.20424 16.5369 50.6814
6.48625 17.2885 50.7124
6.76826 18.0402 50.7433
7.05027 18.7919 50.7743
7.33228 19.5436 50.8053
7.61429 20.2952 50.8363
7.8963 21.0469 50.8672
8.17831 21.7986 50.8982
8.46033 22.5503 50.9292
8.74234 23.3019 50.9601
9.02435 24.0536 50.9911
9.30636 24.8053 51.0221
9.58837 25.557 51.0531
9.87038 26.3086 51.084
10.1524 27.0603 51.115
10.4344 27.812 51.146
10.7164 28.5637 51.177
10.9984 29.3153 51.2079
11.2804 30.067 51.2389
11.5624 30.8187 51.2699
11.8445 31.5704 51.3008
12.1265 32.322 51.3318
12.4085 33.0737 51.3628
12.6905 33.8254 51.3938
12.9725 34.5771 51.4247
13.2545 35.3287 51.4557
13.5365 36.0804 51.4867
13.8185 36.8321 51.5176
14.1005 37.5838 51.5486
14.3826 38.3354 51.5796
14.6646 39.0871 51.6106
14.9466 39.8388 51.6415
15.2286 40.5905 51.6725
15.5106 41.3421 51.7035
15.7926 42.0938 51.7345
16.0746 42.8455 51.7654
16.3566 43.5972 51.7964
16.6386 44.3488 51.8274
16.9207 45.1005 51.8583
17.2027 45.8522 51.8893
17.4847 46.6039 51.9203
17.7667 47.3555 51.9513
18.0487 48.1072 51.9822
18.3307 48.8589 52.0132
18.6127 49.6106 52.0442
18.8947 50.3622 52.0752
19.1767 51.1139 52.1061
19.4587 51.8656 52.1371
19.7408 52.6173 52.1681
20.0228 53.3689 52.199
20.3048 54.1206 52.23
20.5868 54.8723 52.261
20.8688 55.624 52.292
21.1508 56.3756 52.3229
21.4328 57.1273 52.3539
21.7148 57.879 52.3849
21.9968 58.6307 52.4158
22.2789 59.3823 52.4468
22.5609 60.134 52.4778
22.8429 60.8857 52.5088
23.1249 61.6374 52.5397
23.4069 62.389 52.5707
23.6889 63.1407 52.6017
23.9709 63.8924 52.6327
24.2529 64.6441 52.6636
24.5349 65.3957 52.6946
24.817 66.1474 52.7256
25.099 66.8991 52.7565
25.381 67.6508 52.7875
25.663 68.4024 52.8185
25.945 69.1541 52.8495
26.227 69.9058 52.8804
26.509 70.6575 52.9114
26.791 71.4092 52.9424
27.073 72.1608 52.9734
27.3551 72.9125 53.0043
27.6371 73.6642 53.0353
27.9191 74.4159 53.0663
28.2011 75.1675 53.0972
28.4831 75.9192 53.1282
28.7651 76.6709 53.1592
29.0471 77.4226 53.1902
29.3291 78.1742 53.2211
29.6111 78.9259 53.2521
29.8932 79.6776 53.2831
30.1752 80.4293 53.314
30.4572 81.1809 53.345
30.7392 81.9326 53.376
31.0212 82.6843 53.407
31.3032 83.436 53.4379
31.5852 84.1876 53.4689
31.8672 84.9393 53.4999
32.1492 85.691 53.5309
32.4312 86.4427 53.5618
32.7133 87.1943 53.5928
32.9953 87.946 53.6238
33.2773 88.6977 53.6547
33.5593 89.4494 53.6857
33.8413 90.201 53.7167
34.1233 90.9527 53.7477
34.4053 91.7044 53.7786
34.6873 92.4561 53.8096
34.9693 93.2077 53.8406
35.2514 93.9594 53.8716
35.5334 94.7111 53.9025
35.8154 95.4628 53.9335
36.0974 96.2144 53.9645
36.3794 96.9661 53.9954
36.6614 97.7178 54.0264
36.9434 98.4695 54.0574
37.2254 99.2211 54.0884
37.5074 99.9728 54.1193
37.7895 100.724 54.1503
38.0715 101.476 54.1813
38.3535 102.228 54.2122
38.6355 102.98 54.2432
38.9175 103.731 54.2742
39.1995 104.483 54.3052
39.4815 105.235 54.3361
39.7635 105.986 54.3671
40.0455 106.738 54.3981
40.3276 107.49 54.4291
40.6096 108.241 54.46
40.8916 108.993 54.491
41.1736 109.745 54.522
41.4556 110.496 54.5529
41.7376 111.248 54.5839
42.0196 112 54.6149
42.3016 112.751 54.6459
42.5836 113.503 54.6768
42.8657 114.255 54.7078
43.1477 115.006 54.7388
43.4297 115.758 54.7698
43.7117 116.51 54.8007
43.9937 117.261 54.8317
44.2757 118.013 54.8627
44.5577 118.765 54.8936
44.8397 119.516 54.9246
45.1217 120.268 54.9556
45.4037 121.02 54.9866
45.6858 121.771 55.0175
45.9678 122.523 55.0485
46.2498 123.275 55.0795
46.5318 124.026 55.1104
46.8138 124.778 55.1414
47.0958 125.53 55.1724
47.3778 126.281 55.2034
47.6598 127.033 55.2343
47.9418 127.785 55.2653
48.2239 128.536 55.2963
48.5059 129.288 55.3273
48.7879 130.04 55.3582
49.0699 130.791 55.3892
49.3519 131.543 55.4202
49.6339 132.295 55.4511
49.9159 133.047 55.4821
50.1979 133.798 55.5131
50.4799 134.55 55.5441
50.762 135.302 55.575
51.044 136.053 55.606
51.326 136.805 55.637
51.608 137.557 55.668
51.89 138.308 55.6989
52.172 139.06 55.7299
52.454 139.812 55.7609
52.736 140.563 55.7918
53.018 141.315 55.8228
53.3001 142.067 55.8538
53.5821 142.818 55.8848
53.8641 143.57 55.9157
54.1461 144.322 55.9467
54.4281 145.073 55.9777
54.7101 145.825 56.0086
54.9921 146.577 56.0396
55.2741 147.328 56.0706
55.5561 148.08 56.1016
55.8381 148.832 56.1325
56.1202 149.583 56.1635
56.4022 150.335 56.1945
56.6842 151.087 56.2255
56.9662 151.838 56.2564
57.2482 152.59 56.2874
57.5302 153.342 56.3184
57.8122 154.093 56.3493
58.0942 154.845 56.3803
58.3762 155.597 56.4113
58.6583 156.348 56.4423
58.9403 157.1 56.4732
59.2223 157.852 56.5042
59.5043 158.603 56.5352
59.7863 159.355 56.5662
60.0683 160.107 56.5971
60.3503 160.859 56.6281
60.6323 161.61 56.6591
60.9143 162.362 56.69
61.1964 163.114 56.721
61.4784 163.865 56.752
61.7604 164.617 56.783
62.0424 165.369 56.8139
62.3244 166.12 56.8449
62.6064 166.872 56.8759
62.8884 167.624 56.9068
63.1704 168.375 56.9378
63.4524 169.127 56.9688
63.7345 169.879 56.9998
64.0165 170.63 57.0307
64.2985 171.382 57.0617
64.5805 172.134 57.0927
64.8625 172.885 57.1237
65.1445 173.637 57.1546
65.4265 174.389 57.1856
65.7085 175.14 57.2166
65.9905 175.892 57.2475
66.2726 176.644 57.2785
66.5546 177.395 57.3095
66.8366 178.147 57.3405
67.1186 178.899 57.3714
67.4006 179.65 57.4024
67.6826 180.402 57.4334
67.9646 181.154 57.4644
68.2466 181.905 57.4953
68.5286 182.657 57.5263
68.8106 183.409 57.5573
69.0927 184.16 57.5882
69.3747 184.912 57.6192
69.6567 185.664 57.6502
69.9387 186.415 57.6812
70.2207 187.167 57.7121
70.5027 187.919 57.7431
70.7847 188.67 57.7741
71.0667 189.422 57.805
71.3487 190.174 57.836
71.6308 190.926 57.867
71.9128 191.677 57.898
72.1948 192.429 57.9289
72.4768 193.181 57.9599
72.7588 193.932 57.9909
73.0408 194.684 58.0219
73.3228 195.436 58.0528
73.6048 196.187 58.0838
73.8868 196.939 58.1148
74.1689 197.691 58.1457
74.4509 198.442 58.1767
74.7329 199.194 58.2077
75.0149 199.946 58.2387
75.2969 200.697 58.2696
75.5789 201.449 58.3006
75.8609 202.201 58.3316
76.1429 202.952 58.3626
76.4249 203.704 58.3935
76.707 204.456 58.4245
76.989 205.207 58.4555
77.271 205.959 58.4864
77.553 206.711 58.5174
77.835 207.462 58.5484
78.117 208.214 58.5794
78.399 208.966 58.6103
78.681 209.717 58.6413
78.963 210.469 58.6723
79.2451 211.221 58.7032
79.5271 211.972 58.7342
79.8091 212.724 58.7652
80.0911 213.476 58.7962
80.3731 214.227 58.8271
80.6551 214.979 58.8581
80.9371 215.731 58.8891
81.2191 216.482 58.9201
81.5011 217.234 58.951
81.7831 217.986 58.982
82.0652 218.738 59.013
82.3472 219.489 59.0439
82.6292 220.241 59.0749
82.9112 220.993 59.1059
83.1932 221.744 59.1369
83.4752 222.496 59.1678
83.7572 223.248 59.1988
84.0392 223.999 59.2298
84.3212 224.751 59.2608
84.6033 225.503 59.2917
84.8853 226.254 59.3227
85.1673 227.006 59.3537
85.4493 227.758 59.3846
85.7313 228.509 59.4156
86.0133 229.261 59.4466
86.2953 230.013 59.4776
86.5773 230.764 59.5085
86.8593 231.516 59.5395
87.1414 232.268 59.5705
87.4234 233.019 59.6014
87.7054 233.771 59.6324
87.9874 234.523 59.6634
88.2694 235.274 59.6944
88.5514 236.026 59.7253
88.8334 236.778 59.7563
89.1154 237.529 59.7873
89.3974 238.281 59.8183
89.6795 239.033 59.8492
89.9615 239.784 59.8802
90.2435 240.536 59.9112
90.5255 241.288 59.9421
90.8075 242.039 59.9731
91.0895 242.791 60.0041
91.3715 243.543 60.0351
91.6535 244.294 60.066
91.9355 245.046 60.097
92.2176 245.798 60.128
92.4996 246.549 60.159
92.7816 247.301 60.1899
93.0636 248.053 60.2209
93.3456 248.805 60.2519
93.6276 249.556 60.2828
93.9096 250.308 60.3138
94.1916 251.06 60.3448
94.4736 251.811 60.3758
94.7556 252.563 60.4067
95.0377 253.315 60.4377
95.3197 254.066 60.4687
95.6017 254.818 60.4997
95.8837 255.57 60.5306
96.1657 256.321 60.5616
96.4477 257.073 60.5926
96.7297 257.825 60.6235
97.0117 258.576 60.6545
97.2937 259.328 60.6855
97.5758 260.08 60.7165
97.8578 260.831 60.7474
98.1398 261.583 60.7784
98.4218 262.335 60.8094
98.7038 263.086 60.8403
98.9858 263.838 60.8713
99.2678 264.59 60.9023
99.5498 265.341 60.9333
99.8318 266.093 60.9642
100.114 266.845 60.9952
100.396 267.596 61.0262
100.678 268.348 61.0572
100.96 269.1 61.0881
101.242 269.851 61.1191
101.524 270.603 61.1501
101.806 271.355 61.181
102.088 272.106 61.212
102.37 272.858 61.243
102.652 273.61 61.274
102.934 274.361 61.3049
103.216 275.113 61.3359
103.498 275.865 61.3669
103.78 276.617 61.3979
104.062 277.368 61.4288
104.344 278.12 61.4598
104.626 278.872 61.4908
104.908 279.623 61.5217
105.19 280.375 61.5527
105.472 281.127 61.5837
105.754 281.878 61.6147
106.036 282.63 61.6456
106.318 283.382 61.6766
106.6 284.133 61.7076
106.882 284.885 61.7385
107.164 285.637 61.7695
107.446 286.388 61.8005
107.728 287.14 61.8315
108.01 287.892 61.8624
108.292 288.643 61.8934
108.574 289.395 61.9244
108.856 290.147 61.9554
109.138 290.898 61.9863
109.42 291.65 62.0173
109.702 292.402 62.0483
109.984 293.153 62.0792
110.266 293.905 62.1102
110.548 294.657 62.1412
110.83 295.408 62.1722
111.112 296.16 62.2031
111.394 296.912 62.2341
111.676 297.663 62.2651
111.958 298.415 62.2961
112.24 299.167 62.327
112.522 299.918 62.358
112.804 300.67 62.389
113.086 301.422 62.4199
113.368 302.173 62.4509
113.65 302.925 62.4819
113.932 303.677 62.5129
114.214 304.428 62.5438
114.496 305.18 62.5748
114.778 305.932 62.6058
115.06 306.684 62.6367
115.342 307.435 62.6677
115.624 308.187 62.6987
115.906 308.939 62.7297
116.188 309.69 62.7606
116.47 310.442 62.7916
116.752 311.194 62.8226
117.035 311.945 62.8536
117.317 312.697 62.8845
117.599 313.449 62.9155
117.881 314.2 62.9465
118.163 314.952 62.9774
118.445 315.704 63.0084
118.727 316.455 63.0394
119.009 317.207 63.0704
119.291 317.959 63.1013
119.573 318.71 63.1323
119.855 319.462 63.1633
120.137 320.214 63.1943
120.419 320.965 63.2252
120.701 321.717 63.2562
120.983 322.469 63.2872
121.265 323.22 63.3181
121.547 323.972 63.3491
121.829 324.724 63.3801
122.111 325.475 63.4111
122.393 326.227 63.442
122.675 326.979 63.473
122.957 327.73 63.504
123.239 328.482 63.5349
123.521 329.234 63.5659
123.803 329.985 63.5969
124.085 330.737 63.6279
124.367 331.489 63.6588
124.649 332.24 63.6898
124.931 332.992 63.7208
125.213 333.744 63.7518
125.495 334.495 63.7827
125.777 335.247 63.8137
126.059 335.999 63.8447
126.341 336.751 63.8756
126.623 337.502 63.9066
126.905 338.254 63.9376
127.187 339.006 63.9686
127.469 339.757 63.9995
127.751 340.509 64.0305
128.033 341.261 64.0615
128.315 342.012 64.0925
128.597 342.764 64.1234
128.879 343.516 64.1544
129.161 344.267 64.1854
129.443 345.019 64.2163
129.725 345.771 64.2473
130.007 346.522 64.2783
130.289 347.274 64.3093
130.571 348.026 64.3402
130.853 348.777 64.3712
131.135 349.529 64.4022
131.417 350.281 64.4331
131.699 351.032 64.4641
131.981 351.784 64.4951
132.263 352.536 64.5261
132.545 353.287 64.557
132.827 354.039 64.588
133.109 354.791 64.619
133.391 355.542 64.65
133.673 356.294 64.6809
133.955 357.046 64.7119
134.237 357.797 64.7429
134.519 358.549 64.7738
134.801 359.301 64.8048
135.083 360.052 64.8358
135.365 360.804 64.8668
135.647 361.556 64.8977
135.929 362.307 64.9287
136.211 363.059 64.9597
136.493 363.811 64.9907
136.775 364.563 65.0216
137.057 365.314 65.0526
137.339 366.066 65.0836
137.621 366.818 65.1145
137.903 367.569 65.1455
138.185 368.321 65.1765
138.467 369.073 65.2075
138.749 369.824 65.2384
139.031 370.576 65.2694
139.313 371.328 65.3004
139.595 372.079 65.3313
139.877 372.831 65.3623
140.159 373.583 65.3933
140.441 374.334 65.4243
140.723 375.086 65.4552
141.005 375.838 65.4862
141.287 376.589 65.5172
141.569 377.341 65.5482
141.851 378.093 65.5791
142.133 378.844 65.6101
142.415 379.596 65.6411
142.697 380.348 65.672
142.98 381.099 65.703
143.262 381.851 65.734
143.544 382.603 65.765
143.826 383.354 65.7959
144.108 384.106 65.8269
144.39 384.858 65.8579
144.672 385.609 65.8889
144.954 386.361 65.9198
145.236 387.113 65.9508
145.518 387.864 65.9818
145.8 388.616 66.0127
146.082 389.368 66.0437
146.364 390.119 66.0747
146.646 390.871 66.1057
146.928 391.623 66.1366
147.21 392.374 66.1676
147.492 393.126 66.1986
147.774 393.878 66.2295
148.056 394.63 66.2605
148.338 395.381 66.2915
148.62 396.133 66.3225
148.902 396.885 66.3534
149.184 397.636 66.3844
149.466 398.388 66.4154
149.748 399.14 66.4464
150.03 399.891 66.4773
150.312 400.643 66.5083
150.594 401.395 66.5393
150.876 402.146 66.5702
151.158 402.898 66.6012
151.44 403.65 66.6322
151.722 404.401 66.6632
152.004 405.153 66.6941
152.286 405.905 66.7251
152.568 406.656 66.7561
152.85 407.408 66.7871
153.132 408.16 66.818
153.414 408.911 66.849
153.696 409.663 66.88
153.978 410.415 66.9109
154.26 411.166 66.9419
154.542 411.918 66.9729
154.824 412.67 67.0039
155.106 413.421 67.0348
155.388 414.173 67.0658
155.67 414.925 67.0968
155.952 415.676 67.1277
156.234 416.428 67.1587
156.516 417.18 67.1897
156.798 417.931 67.2207
157.08 418.683 67.2516
157.362 419.435 67.2826
157.644 420.186 67.3136
157.926 420.938 67.3446
158.208 421.69 67.3755
158.49 422.442 67.4065
158.772 423.193 67.4375
159.054 423.945 67.4684
159.336 424.697 67.4994
159.618 425.448 67.5304
159.9 426.2 67.5614
160.182 426.952 67.5923
160.464 427.703 67.6233
160.746 428.455 67.6543
161.028 429.207 67.6853
161.31 429.958 67.7162
161.592 430.71 67.7472
161.874 431.462 67.7782
162.156 432.213 67.8091
162.438 432.965 67.8401
162.72 433.717 67.8711
163.002 434.468 67.9021
163.284 435.22 67.933
163.566 435.972 67.964
163.848 436.723 67.995
164.13 437.475 68.0259
164.412 438.227 68.0569
164.694 438.978 68.0879
164.976 439.73 68.1189
165.258 440.482 68.1498
165.54 441.233 68.1808
165.822 441.985 68.2118
166.104 442.737 68.2428
166.386 443.488 68.2737
166.668 444.24 68.3047
166.95 444.992 68.3357
167.232 445.743 68.3666
167.514 446.495 68.3976
167.796 447.247 68.4286
168.078 447.998 68.4596
168.36 448.75 68.4905
168.642 449.502 68.5215
168.925 450.253 68.5525
169.207 451.005 68.5835
169.489 451.757 68.6144
169.771 452.509 68.6454
170.053 453.26 68.6764
170.335 454.012 68.7073
170.617 454.764 68.7383
170.899 455.515 68.7693
171.181 456.267 68.8003
171.463 457.019 68.8312
171.745 457.77 68.8622
172.027 458.522 68.8932
172.309 459.274 68.9241
172.591 460.025 68.9551
172.873 460.777 68.9861
173.155 461.529 69.0171
173.437 462.28 69.048
173.719 463.032 69.079
174.001 463.784 69.11
174.283 464.535 69.141
174.565 465.287 69.1719
174.847 466.039 69.2029
175.129 466.79 69.2339
175.411 467.542 69.2648
175.693 468.294 69.2958
175.975 469.045 69.3268
176.257 469.797 69.3578
176.539 470.549 69.3887
176.821 471.3 69.4197
177.103 472.052 69.4507
177.385 472.804 69.4817
177.667 473.555 69.5126
177.949 474.307 69.5436
178.231 475.059 69.5746
178.513 475.81 69.6055
178.795 476.562 69.6365
179.077 477.314 69.6675
179.359 478.065 69.6985
179.641 478.817 69.7294
179.923 479.569 69.7604
180.205 480.32 69.7914
180.487 481.072 69.8223
180.769 481.824 69.8533
181.051 482.576 69.8843
181.333 483.327 69.9153
181.615 484.079 69.9462
181.897 484.831 69.9772
182.179 485.582 70.0082
182.461 486.334 70.0392
182.743 487.086 70.0701
183.025 487.837 70.1011
183.307 488.589 70.1321
183.589 489.341 70.163
183.871 490.092 70.194
184.153 490.844 70.225
184.435 491.596 70.256
184.717 492.347 70.2869
184.999 493.099 70.3179
185.281 493.851 70.3489
185.563 494.602 70.3799
185.845 495.354 70.4108
186.127 496.106 70.4418
186.409 496.857 70.4728
186.691 497.609 70.5037
186.973 498.361 70.5347
187.255 499.112 70.5657
187.537 499.864 70.5967
187.819 500.616 70.6276
188.101 501.367 70.6586
188.383 502.119 70.6896
188.665 502.871 70.7205
188.947 503.622 70.7515
189.229 504.374 70.7825
189.511 505.126 70.8135
189.793 505.877 70.8444
190.075 506.629 70.8754
190.357 507.381 70.9064
190.639 508.132 70.9374
190.921 508.884 70.9683
191.203 509.636 70.9993
191.485 510.388 71.0303
191.767 511.139 71.0612
192.049 511.891 71.0922
192.331 512.642 71.1232
192.613 513.394 71.1541
192.895 514.145 71.1851
193.177 514.897 71.2161
193.459 515.648 71.247
193.741 516.399 71.278
194.023 517.15 71.3089
194.304 517.902 71.3399
194.586 518.653 71.3708
194.868 519.404 71.4018
195.15 520.155 71.4327
195.432 520.906 71.4637
195.713 521.657 71.4946
195.995 522.408 71.5256
196.277 523.158 71.5565
196.558 523.909 71.5874
196.84 524.659 71.6183
197.122 525.41 71.6493
197.403 526.161 71.6802
197.685 526.911 71.7111
197.966 527.661 71.742
198.247 528.411 71.7729
198.529 529.161 71.8038
198.81 529.911 71.8347
199.092 530.661 71.8656
199.373 531.411 71.8965
199.654 532.16 71.9274
199.935 532.909 71.9583
200.216 533.658 71.9891
200.497 534.407 72.02
200.778 535.156 72.0509
201.059 535.905 72.0817
201.34 536.655 72.1126
201.621 537.403 72.1434
201.902 538.151 72.1743
202.182 538.899 72.2051
202.463 539.647 72.2359
202.744 540.395 72.2667
203.025 541.143 72.2976
203.305 541.891 72.3284
203.585 542.638 72.3592
203.866 543.385 72.3899
204.146 544.132 72.4207
204.426 544.879 72.4515
204.706 545.626 72.4823
204.987 546.373 72.5131
205.267 547.12 72.5438
205.547 547.865 72.5746
205.827 548.611 72.6053
206.106 549.357 72.636
206.386 550.102 72.6667
206.666 550.848 72.6974
206.946 551.593 72.7282
207.225 552.339 72.7589
207.504 553.083 72.7895
207.784 553.827 72.8202
208.063 554.571 72.8509
208.342 555.315 72.8815
208.621 556.059 72.9122
208.9 556.803 72.9428
209.18 557.547 72.9735
209.458 558.289 73.0041
209.737 559.032 73.0347
210.015 559.774 73.0653
210.294 560.516 73.0959
210.572 561.259 73.1265
210.851 562.001 73.157
211.129 562.743 73.1876
211.407 563.484 73.2181
211.685 564.224 73.2487
211.963 564.965 73.2792
212.241 565.705 73.3097
212.519 566.446 73.3402
212.797 567.186 73.3707
213.075 567.927 73.4012
213.352 568.665 73.4317
213.629 569.404 73.4621
213.906 570.142 73.4925
214.183 570.881 73.523
214.46 571.619 73.5534
214.737 572.357 73.5838
215.014 573.096 73.6142
215.291 573.832 73.6446
215.567 574.568 73.6749
215.843 575.305 73.7053
216.12 576.041 73.7356
216.396 576.777 73.7659
216.672 577.513 73.7963
216.948 578.25 73.8266
217.224 578.983 73.8569
217.499 579.717 73.8871
217.775 580.451 73.9173
218.05 581.185 73.9476
218.326 581.919 73.9778
218.601 582.653 74.0081
218.876 583.387 74.0383
219.151 584.118 74.0685
219.425 584.849 74.0986
219.7 585.581 74.1287
219.974 586.312 74.1589
220.249 587.043 74.189
220.523 587.774 74.2191
220.798 588.506 74.2493
221.071 589.234 74.2793
221.345 589.963 74.3093
221.618 590.692 74.3394
221.892 591.42 74.3694
222.165 592.149 74.3994
222.439 592.877 74.4294
222.712 593.606 74.4595
222.985 594.332 74.4894
223.257 595.057 74.5193
223.529 595.783 74.5492
223.802 596.509 74.5791
224.074 597.235 74.609
224.347 597.96 74.6389
224.619 598.686 74.6688
224.935 599.529 74.7036
225.252 600.372 74.7383
225.568 601.215 74.7731
225.885 602.058 74.8078
226.201 602.901 74.8426
226.518 603.745 74.8773
226.833 604.584 74.9119
227.148 605.423 74.9465
227.463 606.263 74.9811
227.778 607.102 75.0157
228.093 607.941 75.0503
228.409 608.781 75.0849
228.722 609.616 75.1193
229.036 610.451 75.1537
229.349 611.287 75.1882
229.663 612.122 75.2226
229.977 612.958 75.257
230.29 613.793 75.2915
230.602 614.624 75.3257
230.915 615.455 75.36
231.227 616.287 75.3942
231.539 617.118 75.4285
231.851 617.949 75.4628
232.163 618.78 75.497
232.473 619.607 75.5311
232.784 620.434 75.5652
233.094 621.261 75.5993
233.405 622.088 75.6334
233.715 622.915 75.6674
234.026 623.742 75.7015
234.335 624.564 75.7354
234.643 625.386 75.7693
234.952 626.209 75.8032
235.261 627.031 75.8371
235.57 627.853 75.871
235.879 628.675 75.9049
236.186 629.493 75.9386
236.493 630.311 75.9723
236.8 631.128 76.006
237.107 631.946 76.0397
237.414 632.763 76.0734
237.721 633.581 76.1071
238.026 634.393 76.1406
238.331 635.206 76.1741
238.637 636.019 76.2076
238.942 636.831 76.2411
239.247 637.644 76.2746
239.552 638.457 76.3081
239.856 639.264 76.3414
240.159 640.072 76.3747
240.462 640.879 76.408
240.765 641.686 76.4412
241.069 642.494 76.4745
241.372 643.301 76.5078
241.673 644.104 76.5409
241.975 644.906 76.574
242.276 645.708 76.607
242.577 646.51 76.6401
242.879 647.312 76.6732
243.18 648.114 76.7062
243.479 648.911 76.7391
243.779 649.707 76.7719
244.078 650.504 76.8048
244.377 651.301 76.8376
244.677 652.097 76.8704
244.976 652.894 76.9033
245.273 653.685 76.9359
245.57 654.475 76.9685
245.867 655.266 77.0011
246.164 656.057 77.0337
246.462 656.848 77.0663
246.759 657.639 77.0989
247.054 658.424 77.1313
247.349 659.209 77.1636
247.644 659.993 77.196
247.939 660.778 77.2284
248.234 661.563 77.2607
248.529 662.348 77.2931
248.821 663.127 77.3252
249.114 663.906 77.3573
249.407 664.685 77.3894
249.699 665.463 77.4215
249.992 666.242 77.4537
250.285 667.021 77.4858
250.575 667.793 77.5176
250.865 668.566 77.5495
251.156 669.338 77.5813
251.446 670.111 77.6132
251.737 670.883 77.645
252.027 671.655 77.6769
252.315 672.422 77.7085
252.603 673.188 77.7401
252.891 673.954 77.7717
253.179 674.721 77.8033
253.467 675.487 77.8349
253.755 676.253 77.8665
254.041 677.014 77.8978
254.327 677.774 77.9292
254.613 678.534 77.9606
254.899 679.295 77.9919
255.185 680.055 78.0233
255.471 680.815 78.0546
255.754 681.57 78.0857
256.038 682.325 78.1169
256.322 683.079 78.148
256.606 683.834 78.1791
256.889 684.588 78.2102
257.173 685.343 78.2414
257.455 686.092 78.2723
257.737 686.841 78.3031
258.018 687.59 78.334
258.3 688.339 78.3649
258.582 689.088 78.3958
258.864 689.838 78.4267
259.143 690.581 78.4574
259.423 691.325 78.4881
259.703 692.069 78.5188
259.982 692.812 78.5494
260.262 693.556 78.5801
260.542 694.3 78.6108
260.82 695.039 78.6412
261.098 695.777 78.6717
261.375 696.516 78.7022
261.653 697.254 78.7326
261.931 697.993 78.7631
262.209 698.731 78.7936
262.485 699.465 78.8238
262.761 700.199 78.8541
263.037 700.932 78.8844
263.313 701.666 78.9146
263.589 702.4 78.9449
263.865 703.133 78.9751
264.139 703.862 79.0052
264.413 704.591 79.0353
264.688 705.32 79.0653
264.962 706.049 79.0954
265.236 706.778 79.1255
265.51 707.507 79.1555
265.783 708.231 79.1854
266.056 708.955 79.2153
266.328 709.68 79.2452
266.601 710.404 79.2751
266.873 711.128 79.305
267.146 711.853 79.3348
267.417 712.573 79.3645
267.688 713.293 79.3942
267.959 714.013 79.4239
268.23 714.732 79.4536
268.5 715.452 79.4833
268.771 716.172 79.513
269.041 716.888 79.5426
269.31 717.604 79.5721
269.58 718.32 79.6016
269.849 719.036 79.6312
270.118 719.752 79.6607
270.388 720.467 79.6902
270.709 721.322 79.7255
271.031 722.176 79.7607
271.353 723.03 79.796
271.674 723.884 79.8312
271.996 724.739 79.8665
272.315 725.588 79.9015
272.635 726.438 79.9366
272.955 727.288 79.9716
273.275 728.137 80.0067
273.595 728.987 80.0418
273.913 729.833 80.0766
274.231 730.678 80.1115
274.55 731.523 80.1464
274.868 732.369 80.1813
275.186 733.214 80.2162
275.503 734.056 80.2509
275.82 734.897 80.2856
276.137 735.739 80.3203
276.453 736.58 80.355
276.77 737.421 80.3898
277.086 738.259 80.4243
277.401 739.097 80.4589
277.716 739.934 80.4935
278.032 740.772 80.528
278.347 741.609 80.5626
278.661 742.443 80.597
278.975 743.277 80.6314
279.289 744.112 80.6658
279.603 744.946 80.7002
279.918 745.78 80.7347
280.23 746.61 80.7689
280.543 747.441 80.8032
280.856 748.272 80.8375
281.169 749.102 80.8718
281.482 749.933 80.9061
281.793 750.761 80.9402
282.105 751.588 80.9744
282.417 752.416 81.0085
282.729 753.244 81.0427
283.04 754.071 81.0768
283.351 754.896 81.1109
283.661 755.721 81.1449
283.972 756.546 81.1789
284.283 757.37 81.213
284.593 758.195 81.247
284.903 759.017 81.2809
285.213 759.84 81.3149
285.522 760.662 81.3488
285.832 761.484 81.3827
286.142 762.306 81.4167
286.451 763.126 81.4505
286.759 763.946 81.4843
287.068 764.765 81.5182
287.377 765.585 81.552
287.686 766.405 81.5858
287.994 767.223 81.6196
288.302 768.04 81.6533
288.61 768.858 81.6871
288.918 769.676 81.7208
289.226 770.493 81.7546
289.533 771.309 81.7882
289.84 772.125 81.8219
290.148 772.941 81.8556
290.455 773.756 81.8892
290.762 774.572 81.9229
291.069 775.386 81.9565
291.376 776.2 81.9901
291.682 777.014 82.0237
291.989 777.828 82.0573
292.296 778.642 82.0909
292.602 779.455 82.1244
292.908 780.268 82.158
293.214 781.08 82.1915
293.52 781.893 82.225
293.826 782.706 82.2586
294.132 783.517 82.2921
294.438 784.329 82.3256
294.744 785.14 82.3591
295.049 785.952 82.3926
295.355 786.763 82.426
295.66 787.574 82.4595
295.966 788.384 82.493
296.271 789.195 82.5264
296.577 790.005 82.5599
296.882 790.816 82.5933
297.187 791.626 82.6267
297.492 792.435 82.6602
297.797 793.245 82.6936
298.102 794.055 82.727
298.407 794.865 82.7604
298.712 795.674 82.7938
299.017 796.484 82.8272
299.322 797.293 82.8606
299.627 798.102 82.8941
299.932 798.912 82.9275
300.237 799.721 82.9608
300.542 800.53 82.9942
300.847 801.339 83.0276
301.151 802.148 83.061
301.456 802.957 83.0944
301.761 803.766 83.1278
302.066 804.575 83.1612
302.371 805.384 83.1946
302.676 806.193 83.228
302.981 807.003 83.2614
303.285 807.812 83.2948
303.59 808.62 83.3282
303.895 809.429 83.3616
304.2 810.238 83.395
304.505 811.047 83.4283
304.809 811.856 83.4617
305.114 812.665 83.4951
305.419 813.474 83.5285
305.723 814.282 83.5619
306.028 815.091 83.5953
306.333 815.9 83.6286
306.637 816.708 83.662
306.942 817.516 83.6953
307.246 818.325 83.7287
307.551 819.133 83.7621
307.855 819.941 83.7954
308.16 820.749 83.8288
308.464 821.557 83.8621
308.769 822.365 83.8955
309.073 823.173 83.9288
309.377 823.98 83.9621
309.681 824.787 83.9955
309.985 825.595 84.0288
310.29 826.402 84.0621
310.594 827.209 84.0954
310.898 828.016 84.1287
311.202 828.822 84.162
311.506 829.629 84.1953
311.81 830.436 84.2286
312.113 831.242 84.2619
312.417 832.048 84.2951
312.721 832.854 84.3284
313.024 833.66 84.3617
313.328 834.465 84.3949
313.632 835.271 84.4282
313.935 836.076 84.4614
314.238 836.881 84.4946
314.541 837.686 84.5278
314.845 838.49 84.561
315.148 839.295 84.5943
315.451 840.099 84.6274
315.754 840.903 84.6606
316.056 841.707 84.6938
316.359 842.51 84.727
316.662 843.314 84.7601
316.965 844.117 84.7933
317.267 844.919 84.8264
317.569 845.722 84.8595
317.872 846.524 84.8927
318.174 847.327 84.9258
318.476 848.128 84.9589
318.778 848.929 84.9919
319.08 849.731 85.025
319.382 850.532 85.0581
319.684 851.333 85.0911
319.985 852.133 85.1242
320.287 852.933 85.1572
320.588 853.733 85.1902
320.89 854.533 85.2232
321.191 855.332 85.2562
321.492 856.131 85.2892
321.793 856.929 85.3221
322.094 857.727 85.3551
322.394 858.526 85.388
322.695 859.324 85.421
322.995 860.12 85.4539
323.296 860.917 85.4867
323.596 861.714 85.5196
323.896 862.51 85.5525
324.196 863.307 85.5854
324.496 864.102 85.6182
324.796 864.897 85.651
325.095 865.692 85.6838
325.395 866.486 85.7166
325.694 867.281 85.7495
325.993 868.074 85.7822
326.292 868.867 85.8149
326.591 869.66 85.8477
326.89 870.453 85.8804
327.189 871.246 85.9131
327.487 872.037 85.9458
327.785 872.828 85.9784
328.083 873.619 86.0111
328.381 874.41 86.0437
328.679 875.201 86.0764
328.976 875.989 86.1089
329.274 876.778 86.1415
329.571 877.567 86.1741
329.868 878.356 86.2066
330.166 879.145 86.2392
330.462 879.931 86.2716
330.759 880.718 86.3041
331.055 881.504 86.3366
331.352 882.291 86.3691
331.648 883.077 86.4015
331.944 883.861 86.4339
332.24 884.646 86.4663
332.535 885.43 86.4986
332.831 886.214 86.531
333.126 886.998 86.5634
333.421 887.78 86.5957
333.716 888.561 86.6279
334.01 889.343 86.6602
334.305 890.125 86.6925
334.6 890.906 86.7247
334.894 891.685 86.7569
335.187 892.464 86.7891
335.481 893.243 86.8212
335.775 894.023 86.8534
336.068 894.802 86.8856
336.361 895.578 86.9176
336.654 896.354 86.9497
336.947 897.131 86.9817
337.239 897.907 87.0138
337.532 898.683 87.0458
337.824 899.457 87.0778
338.115 900.23 87.1097
338.407 901.004 87.1416
338.699 901.777 87.1736
338.99 902.55 87.2055
339.281 903.321 87.2373
339.571 904.091 87.2691
339.862 904.862 87.3009
340.153 905.632 87.3327
340.443 906.403 87.3646
340.733 907.17 87.3962
341.022 907.938 87.4279
341.311 908.705 87.4596
341.601 909.473 87.4913
341.89 910.24 87.523
342.178 911.004 87.5545
342.467 911.768 87.5861
342.755 912.533 87.6177
343.043 913.297 87.6492
343.331 914.061 87.6808
343.618 914.822 87.7122
343.905 915.583 87.7436
344.192 916.344 87.775
344.479 917.105 87.8064
344.766 917.865 87.8379
345.052 918.623 87.8691
345.338 919.38 87.9004
345.624 920.138 87.9317
345.909 920.895 87.963
346.195 921.653 87.9942
346.48 922.406 88.0254
346.764 923.16 88.0565
347.048 923.914 88.0876
347.333 924.668 88.1188
347.617 925.422 88.1499
347.9 926.172 88.1809
348.183 926.922 88.2119
348.466 927.673 88.2428
348.749 928.423 88.2738
349.032 929.173 88.3048
349.314 929.919 88.3356
349.596 930.666 88.3665
349.877 931.412 88.3973
350.159 932.158 88.4281
350.441 932.905 88.4589
350.721 933.648 88.4896
351.001 934.39 88.5203
351.281 935.133 88.551
351.562 935.876 88.5816
351.842 936.618 88.6123
352.121 937.358 88.6428
352.4 938.097 88.6734
352.679 938.836 88.7039
352.958 939.575 88.7344
353.237 940.314 88.7649
353.515 941.05 88.7953
353.792 941.786 88.8257
354.07 942.521 88.8561
354.348 943.257 88.8865
354.625 943.993 88.9169
354.902 944.725 88.9471
355.178 945.457 88.9774
355.455 946.19 89.0076
355.731 946.922 89.0379
356.008 947.654 89.0681
356.283 948.384 89.0983
356.558 949.113 89.1284
356.833 949.842 89.1585
357.109 950.571 89.1886
357.384 951.3 89.2187
357.658 952.026 89.2487
357.932 952.752 89.2787
358.206 953.479 89.3087
358.481 954.205 89.3387
358.755 954.931 89.3687
359.028 955.654 89.3986
359.301 956.377 89.4284
359.574 957.1 89.4583
359.847 957.823 89.4882
360.12 958.546 89.5181
360.392 959.266 89.5478
360.664 959.987 89.5776
360.936 960.707 89.6073
361.208 961.427 89.6371
361.48 962.148 89.6668
361.751 962.865 89.6965
362.022 963.583 89.7261
362.293 964.3 89.7558
362.564 965.018 89.7854
362.835 965.735 89.815
363.105 966.45 89.8446
363.375 967.165 89.8741
363.645 967.88 89.9036
363.915 968.595 89.9332
364.185 969.31 89.9627
364.454 970.022 89.9921
364.723 970.735 90.0216
364.992 971.447 90.051
365.261 972.159 90.0804
365.53 972.872 90.1099
365.798 973.582 90.1392
366.066 974.292 90.1686
366.335 975.002 90.1979
366.603 975.712 90.2272
366.871 976.422 90.2566
367.138 977.13 90.2858
367.406 977.838 90.315
367.673 978.545 90.3443
367.94 979.253 90.3735
368.208 979.961 90.4028
368.474 980.667 90.4319
368.741 981.372 90.4611
369.008 982.078 90.4902
369.274 982.784 90.5194
369.541 983.489 90.5486
369.807 984.193 90.5776
370.072 984.896 90.6067
370.338 985.6 90.6358
370.604 986.304 90.6648
370.87 987.007 90.6939
371.135 987.709 90.7229
371.4 988.411 90.7519
371.665 989.113 90.7809
371.93 989.814 90.8099
372.195 990.516 90.8389
372.526 991.391 90.8751
372.857 992.266 90.9112
373.187 993.141 90.9474
373.518 994.016 90.9835
373.848 994.889 91.0196
374.177 995.761 91.0556
374.507 996.634 91.0917
374.837 997.507 91.1278
375.166 998.378 91.1638
375.495 999.249 91.1998
375.824 1000.12 91.2357
376.153 1000.99 91.2717
376.482 1001.86 91.3076
376.81 1002.73 91.3436
377.139 1003.6 91.3795
377.467 1004.47 91.4154
377.795 1005.33 91.4512
378.123 1006.2 91.4871
378.451 1007.07 91.5229
378.779 1007.94 91.5588
379.106 1008.8 91.5946
379.433 1009.67 91.6304
379.76 1010.54 91.6662
380.088 1011.4 91.7019
380.415 1012.27 91.7377
380.741 1013.13 91.7734
381.068 1014 91.8091
381.395 1014.86 91.8449
381.721 1015.72 91.8806
382.048 1016.59 91.9162
382.374 1017.45 91.9519
382.7 1018.31 91.9876
383.026 1019.18 92.0233
383.352 1020.04 92.0589
383.678 1020.9 92.0945
384.004 1021.76 92.1302
384.33 1022.63 92.1658
384.656 1023.49 92.2014
384.981 1024.35 92.237
385.307 1025.21 92.2726
385.632 1026.07 92.3082
385.958 1026.93 92.3437
386.283 1027.79 92.3793
386.608 1028.65 92.4149
386.933 1029.51 92.4505
387.259 1030.37 92.486
387.584 1031.23 92.5216
387.909 1032.09 92.5571
388.234 1032.95 92.5926
388.559 1033.81 92.6282
388.884 1034.67 92.6637
389.209 1035.53 92.6992
389.534 1036.39 92.7348
389.859 1037.25 92.7703
390.183 1038.11 92.8058
390.508 1038.97 92.8413
390.833 1039.83 92.8768
391.158 1040.69 92.9123
391.483 1041.55 92.9479
391.808 1042.41 92.9834
392.132 1043.27 93.0189
392.457 1044.13 93.0544
392.782 1044.99 93.0899
393.107 1045.85 93.1254
393.432 1046.71 93.1609
393.756 1047.56 93.1964
394.081 1048.42 93.2319
394.406 1049.28 93.2674
394.73 1050.14 93.3029
395.055 1051 93.3384
395.379 1051.86 93.3739
395.704 1052.72 93.4093
396.028 1053.57 93.4448
396.352 1054.43 93.4802
396.676 1055.29 93.5157
397 1056.15 93.5511
397.324 1057 93.5865
397.648 1057.86 93.6219
397.971 1058.72 93.6573
398.295 1059.57 93.6927
398.618 1060.43 93.728
398.941 1061.28 93.7633
399.265 1062.14 93.7987
399.588 1062.99 93.834
399.91 1063.85 93.8693
400.233 1064.7 93.9045
400.555 1065.55 93.9398
400.878 1066.4 93.975
401.2 1067.26 94.0102
401.521 1068.11 94.0454
401.843 1068.96 94.0806
402.165 1069.81 94.1157
402.486 1070.66 94.1508
402.807 1071.51 94.1859
403.127 1072.35 94.221
403.448 1073.2 94.256
403.768 1074.05 94.291
404.088 1074.9 94.326
404.408 1075.74 94.3609
404.728 1076.59 94.3959
405.047 1077.43 94.4307
405.365 1078.27 94.4656
405.684 1079.12 94.5004
406.003 1079.96 94.5353
406.32 1080.8 94.57
406.638 1081.64 94.6047
406.956 1082.48 94.6394
407.273 1083.32 94.6741
407.589 1084.15 94.7087
407.906 1084.99 94.7433
408.222 1085.83 94.7778
408.538 1086.66 94.8124
408.853 1087.5 94.8468
409.168 1088.33 94.8812
409.483 1089.16 94.9156
409.797 1089.99 94.95
410.111 1090.82 94.9842
410.424 1091.65 95.0185
410.737 1092.48 95.0527
411.051 1093.31 95.087
411.362 1094.13 95.121
411.674 1094.95 95.1551
411.986 1095.78 95.1891
412.297 1096.6 95.2232
412.607 1097.42 95.257
412.917 1098.24 95.2909
413.227 1099.06 95.3248
413.537 1099.88 95.3586
413.845 1100.69 95.3923
414.153 1101.5 95.4259
414.461 1102.32 95.4596
414.769 1103.13 95.4932
415.075 1103.94 95.5267
415.381 1104.75 95.5601
415.687 1105.56 95.5935
415.993 1106.37 95.627
416.297 1107.17 95.6602
416.601 1107.97 95.6934
416.905 1108.77 95.7266
417.209 1109.58 95.7598
417.51 1110.37 95.7927
417.812 1111.17 95.8257
418.114 1111.97 95.8586
418.416 1112.77 95.8916
418.715 1113.56 95.9243
419.015 1114.35 95.957
419.314 1115.14 95.9897
419.613 1115.93 96.0224
419.91 1116.71 96.0549
420.208 1117.5 96.0873
420.505 1118.28 96.1197
420.802 1119.07 96.1522
421.096 1119.84 96.1843
421.391 1120.62 96.2165
421.685 1121.4 96.2486
421.98 1122.17 96.2808
422.271 1122.95 96.3127
422.563 1123.72 96.3445
422.855 1124.49 96.3764
423.147 1125.26 96.4082
423.436 1126.02 96.4398
423.725 1126.78 96.4714
424.014 1127.54 96.5029
424.304 1128.31 96.5345
424.59 1129.06 96.5657
424.876 1129.82 96.597
425.162 1130.57 96.6282
425.449 1131.33 96.6595
425.732 1132.07 96.6904
426.015 1132.82 96.7213
426.299 1133.57 96.7522
426.582 1134.32 96.7831
426.862 1135.06 96.8137
427.142 1135.79 96.8443
427.423 1136.53 96.8748
427.703 1137.27 96.9054
427.98 1138 96.9356
428.257 1138.73 96.9659
428.534 1139.46 96.9961
428.811 1140.19 97.0263
429.085 1140.91 97.0562
429.358 1141.63 97.086
429.632 1142.36 97.1159
429.906 1143.08 97.1457
430.176 1143.79 97.1752
430.447 1144.5 97.2047
430.717 1145.21 97.2342
430.987 1145.93 97.2636
431.254 1146.63 97.2927
431.521 1147.33 97.3218
431.788 1148.03 97.3509
432.055 1148.74 97.38
432.318 1149.43 97.4087
432.581 1150.12 97.4374
432.845 1150.82 97.4661
433.108 1151.51 97.4949
433.368 1152.19 97.5232
433.629 1152.88 97.5516
433.889 1153.56 97.5799
434.149 1154.25 97.6083
434.491 1155.15 97.6456
434.834 1156.05 97.6829
435.177 1156.95 97.7202
435.515 1157.84 97.7571
435.854 1158.73 97.794
436.192 1159.62 97.8309
436.527 1160.5 97.8673
436.861 1161.38 97.9037
437.196 1162.26 97.9402
437.526 1163.13 97.9762
437.857 1164 98.0122
438.188 1164.87 98.0482
438.515 1165.72 98.0838
438.842 1166.58 98.1194
439.169 1167.44 98.155
439.493 1168.29 98.1902
439.816 1169.14 98.2255
440.14 1169.99 98.2607
440.46 1170.83 98.2955
440.78 1171.67 98.3304
441.1 1172.51 98.3652
441.417 1173.35 98.3997
441.734 1174.18 98.4342
442.051 1175.01 98.4687
442.365 1175.83 98.5028
442.679 1176.66 98.537
442.993 1177.48 98.5711
443.304 1178.3 98.6049
443.615 1179.11 98.6388
443.926 1179.93 98.6726
444.234 1180.73 98.7061
444.542 1181.54 98.7396
444.85 1182.35 98.7731
445.156 1183.15 98.8063
445.461 1183.95 98.8396
445.767 1184.75 98.8728
446.07 1185.55 98.9057
446.373 1186.34 98.9387
446.676 1187.14 98.9716
446.977 1187.92 99.0043
447.277 1188.71 99.037
447.578 1189.5 99.0697
447.877 1190.28 99.1021
448.175 1191.06 99.1346
448.474 1191.85 99.167
448.77 1192.62 99.1992
449.066 1193.4 99.2315
449.363 1194.18 99.2637
449.657 1194.95 99.2957
449.952 1195.72 99.3277
450.247 1196.49 99.3597
450.539 1197.26 99.3915
450.832 1198.02 99.4233
451.125 1198.79 99.4551
451.416 1199.55 99.4868
451.707 1200.31 99.5184
451.999 1201.08 99.55
452.288 1201.83 99.5815
452.578 1202.59 99.613
452.868 1203.35 99.6444
453.156 1204.1 99.6758
453.445 1204.86 99.7071
453.733 1205.61 99.7384
454.02 1206.37 99.7696
454.307 1207.12 99.8008
454.595 1207.87 99.832
454.881 1208.62 99.8631
455.167 1209.37 99.8942
455.453 1210.11 99.9252
455.739 1210.86 99.9562
456.024 1211.61 99.9872
456.309 1212.35 100.018
456.594 1213.1 100.049
456.878 1213.84 100.08
457.163 1214.59 100.111
457.447 1215.33 100.142
457.731 1216.07 100.173
458.015 1216.81 100.203
458.299 1217.56 100.234
458.582 1218.3 100.265
458.866 1219.04 100.296
459.149 1219.78 100.327
459.432 1220.52 100.357
459.716 1221.26 100.388
459.999 1222 100.419
460.282 1222.74 100.45
460.565 1223.48 100.48
460.848 1224.22 100.511
461.131 1224.96 100.542
461.414 1225.7 100.573
461.697 1226.44 100.603
461.981 1227.18 100.634
462.264 1227.92 100.665
462.547 1228.66 100.695
462.829 1229.4 100.726
463.112 1230.14 100.757
463.395 1230.88 100.788
463.678 1231.62 100.818
463.96 1232.36 100.849
464.243 1233.1 100.88
464.525 1233.84 100.91
464.808 1234.58 100.941
465.09 1235.31 100.972
465.372 1236.05 101.002
465.654 1236.79 101.033
465.935 1237.53 101.063
466.217 1238.26 101.094
466.499 1239 101.124
466.78 1239.73 101.155
467.061 1240.47 101.186
467.342 1241.2 101.216
467.622 1241.94 101.246
467.903 1242.67 101.277
468.183 1243.4 101.307
468.463 1244.13 101.338
468.743 1244.86 101.368
469.023 1245.6 101.398
469.302 1246.33 101.429
469.581 1247.06 101.459
469.86 1247.78 101.489
470.138 1248.51 101.52
470.417 1249.24 101.55
470.695 1249.97 101.58
470.972 1250.69 101.61
471.25 1251.42 101.64
471.527 1252.14 101.67
471.804 1252.86 101.7
472.08 1253.59 101.73
472.357 1254.31 101.76
472.632 1255.03 101.79
472.908 1255.75 101.82
473.183 1256.47 101.85
473.457 1257.18 101.88
473.732 1257.9 101.91
474.006 1258.62 101.939
474.279 1259.33 101.969
474.552 1260.04 101.999
474.826 1260.76 102.028
475.098 1261.47 102.058
475.369 1262.18 102.087
475.641 1262.89 102.117
475.912 1263.59 102.146
476.183 1264.3 102.175
476.453 1265.01 102.205
476.722 1265.71 102.234
476.992 1266.41 102.263
477.261 1267.12 102.292
477.529 1267.81 102.321
477.796 1268.51 102.35
478.064 1269.21 102.379
478.33 1269.91 102.408
478.597 1270.6 102.437
478.863 1271.3 102.466
479.127 1271.99 102.495
479.392 1272.68 102.523
479.657 1273.37 102.552
479.92 1274.05 102.581
480.182 1274.74 102.609
480.445 1275.42 102.638
480.707 1276.11 102.666
480.968 1276.79 102.694
481.229 1277.47 102.723
481.488 1278.14 102.751
481.748 1278.82 102.779
482.007 1279.5 102.807
482.264 1280.17 102.835
482.522 1280.84 102.863
482.779 1281.51 102.891
483.035 1282.17 102.918
483.29 1282.84 102.946
483.546 1283.51 102.974
483.799 1284.17 103.001
484.052 1284.83 103.028
484.306 1285.49 103.056
484.557 1286.14 103.083
484.808 1286.79 103.11
485.06 1287.45 103.138
485.309 1288.1 103.165
485.558 1288.74 103.192
485.807 1289.39 103.218
486.177 1290.36 103.259
486.547 1291.32 103.299
486.914 1292.27 103.338
487.281 1293.23 103.378
487.644 1294.17 103.417
488.007 1295.12 103.457
488.367 1296.05 103.496
488.727 1296.99 103.535
489.084 1297.92 103.573
489.441 1298.84 103.612
489.795 1299.76 103.65
490.149 1300.68 103.688
490.499 1301.59 103.726
490.85 1302.5 103.764
491.198 1303.4 103.802
491.546 1304.31 103.839
491.891 1305.2 103.877
492.236 1306.1 103.914
492.579 1306.99 103.951
492.921 1307.88 103.988
493.261 1308.76 104.025
493.601 1309.64 104.061
493.939 1310.51 104.098
494.277 1311.39 104.134
494.612 1312.26 104.17
494.947 1313.13 104.207
495.28 1313.99 104.243
495.613 1314.85 104.279
495.944 1315.71 104.314
496.276 1316.57 104.35
496.605 1317.42 104.386
496.934 1318.27 104.421
497.261 1319.12 104.456
497.588 1319.96 104.492
497.913 1320.81 104.527
498.239 1321.65 104.562
498.563 1322.49 104.597
498.886 1323.32 104.632
499.209 1324.16 104.667
499.531 1324.99 104.701
499.852 1325.82 104.736
500.172 1326.65 104.771
500.492 1327.48 104.805
500.811 1328.3 104.839
501.13 1329.13 104.874
501.448 1329.95 104.908
501.765 1330.77 104.942
502.082 1331.59 104.977
502.398 1332.41 105.011
502.715 1333.22 105.045
503.03 1334.04 105.079
503.345 1334.85 105.113
503.66 1335.67 105.147
503.974 1336.48 105.18
504.288 1337.29 105.214
504.602 1338.1 105.248
504.915 1338.91 105.282
505.229 1339.72 105.316
505.542 1340.53 105.349
505.854 1341.34 105.383
506.167 1342.14 105.417
506.48 1342.95 105.451
506.792 1343.76 105.484
507.104 1344.56 105.518
507.417 1345.37 105.552
507.729 1346.18 105.585
508.041 1346.98 105.619
508.353 1347.79 105.652
508.666 1348.6 105.686
508.978 1349.4 105.72
509.29 1350.21 105.753
509.603 1351.01 105.787
509.916 1351.82 105.821
510.228 1352.62 105.854
510.541 1353.42 105.888
510.854 1354.23 105.921
511.168 1355.03 105.955
511.481 1355.83 105.988
511.795 1356.63 106.021
512.109 1357.43 106.055
512.424 1358.22 106.088
512.739 1359.02 106.121
513.054 1359.81 106.154
513.369 1360.6 106.187
513.685 1361.39 106.22
514.001 1362.18 106.253
514.318 1362.97 106.286
514.635 1363.75 106.319
514.952 1364.53 106.352
515.27 1365.32 106.385
515.589 1366.09 106.417
515.908 1366.87 106.45
516.228 1367.64 106.482
516.547 1368.41 106.514
516.869 1369.18 106.546
517.19 1369.94 106.579
517.512 1370.71 106.61
517.834 1371.47 106.642
518.158 1372.22 106.674
518.481 1372.98 106.706
518.806 1373.72 106.737
519.131 1374.47 106.769
519.458 1375.21 106.8
519.785 1375.95 106.831
520.113 1376.69 106.862
520.441 1377.42 106.893
520.771 1378.15 106.923
521.101 1378.87 106.954
521.432 1379.59 106.984
521.764 1380.31 107.015
522.097 1381.02 107.045
522.431 1381.73 107.075
522.766 1382.43 107.104
523.101 1383.13 107.134
523.439 1383.82 107.163
523.776 1384.52 107.193
524.116 1385.2 107.221
524.455 1385.88 107.25
524.797 1386.55 107.279
525.138 1387.23 107.308
525.482 1387.89 107.336
525.826 1388.55 107.364
526.172 1389.2 107.392
526.519 1389.85 107.419
526.867 1390.49 107.447
527.216 1391.13 107.474
527.567 1391.76 107.501
527.918 1392.39 107.528
528.272 1393.01 107.554
528.626 1393.62 107.581
528.982 1394.23 107.607
529.339 1394.83 107.633
529.698 1395.43 107.658
530.057 1396.02 107.684
530.419 1396.6 107.709
530.78 1397.18 107.734
531.144 1397.75 107.759
531.508 1398.32 107.784
531.874 1398.88 107.808
532.241 1399.44 107.832
532.609 1399.99 107.856
532.978 1400.54 107.88
533.349 1401.08 107.904
533.72 1401.62 107.927
534.093 1402.15 107.95
534.465 1402.68 107.973
534.84 1403.2 107.996
535.215 1403.72 108.019
535.592 1404.23 108.042
535.969 1404.74 108.064
536.348 1405.25 108.086
536.726 1405.75 108.108
537.107 1406.25 108.13
537.487 1406.74 108.152
538.251 1407.72 108.195
539.019 1408.68 108.238
539.789 1409.63 108.28
540.562 1410.56 108.322
541.338 1411.48 108.363
542.117 1412.39 108.403
542.898 1413.29 108.444
543.681 1414.18 108.484
544.466 1415.06 108.523
545.252 1415.94 108.562
546.041 1416.8 108.601
546.831 1417.66 108.64
547.622 1418.51 108.678
548.415 1419.36 108.717
549.208 1420.2 108.755
550.003 1421.04 108.793
550.798 1421.87 108.83
551.593 1422.7 108.868
552.389 1423.53 108.906
553.185 1424.37 108.943
553.981 1425.2 108.981
554.777 1426.03 109.019
555.573 1426.86 109.056
556.37 1427.69 109.094
557.166 1428.52 109.132
557.962 1429.35 109.169
558.758 1430.18 109.207
559.554 1431.01 109.245
560.35 1431.84 109.282
561.146 1432.67 109.32
561.942 1433.5 109.358
562.738 1434.33 109.395
563.534 1435.16 109.433
564.33 1435.99 109.47
565.126 1436.82 109.508
565.922 1437.65 109.546
566.718 1438.48 109.583
567.514 1439.31 109.621
568.31 1440.14 109.659
569.106 1440.97 109.696
569.902 1441.8 109.734
570.698 1442.63 109.772
571.495 1443.46 109.809
572.291 1444.29 109.847
573.087 1445.12 109.885
573.883 1445.95 109.922
574.679 1446.78 109.96
575.475 1447.61 109.997
576.271 1448.44 110.035
577.067 1449.27 110.073
577.863 1450.11 110.11
578.659 1450.94 110.148
579.455 1451.77 110.186
580.251 1452.6 110.223
581.047 1453.43 110.261
581.843 1454.26 110.299
582.639 1455.09 110.336
583.435 1455.92 110.374
584.231 1456.75 110.412
585.027 1457.58 110.449
585.824 1458.41 110.487
586.62 1459.24 110.524
587.416 1460.07 110.562
588.212 1460.9 110.6
589.008 1461.73 110.637
589.804 1462.56 110.675
590.6 1463.39 110.713
591.396 1464.22 110.75
592.192 1465.05 110.788
592.988 1465.88 110.826
593.784 1466.71 110.863
594.58 1467.54 110.901
595.376 1468.37 110.939
596.172 1469.2 110.976
596.968 1470.03 111.014
597.764 1470.86 111.051
598.56 1471.69 111.089
599.356 1472.52 111.127
600.152 1473.35 111.164
600.949 1474.18 111.202
601.745 1475.01 111.24
602.541 1475.85 111.277
603.337 1476.68 111.315
604.133 1477.51 111.353
604.929 1478.34 111.39
605.726 1479.17 111.428
606.526 1480 111.466
607.329 1480.84 111.504
608.137 1481.67 111.542
608.952 1482.52 111.58
609.773 1483.37 111.618
610.603 1484.22 111.657
611.443 1485.08 111.696
612.294 1485.95 111.735
612.725 1486.39 111.755
613.156 1486.83 111.775
613.594 1487.27 111.795
614.033 1487.71 111.816
614.478 1488.16 111.836
614.923 1488.61 111.856
615.376 1489.06 111.877
615.83 1489.52 111.897
616.291 1489.98 111.918
616.753 1490.43 111.939
617.224 1490.9 111.96
617.695 1491.37 111.982
618.176 1491.84 112.003
618.656 1492.31 112.025
619.147 1492.79 112.046
619.638 1493.27 112.068
620.14 1493.76 112.09
620.641 1494.25 112.113
621.155 1494.74 112.135
621.668 1495.24 112.158
622.194 1495.74 112.181
622.719 1496.25 112.204
623.257 1496.76 112.227
623.796 1497.27 112.25
624.347 1497.79 112.274
624.899 1498.32 112.298
625.464 1498.85 112.322
626.03 1499.38 112.347
626.61 1499.92 112.371
627.19 1500.47 112.396
627.785 1501.02 112.421
628.38 1501.57 112.446
628.991 1502.13 112.472
629.603 1502.7 112.498
630.23 1503.27 112.524
630.857 1503.85 112.551
631.502 1504.44 112.577
632.146 1505.02 112.604
632.808 1505.62 112.632
633.47 1506.22 112.659
634.151 1506.83 112.687
634.831 1507.45 112.715
635.53 1508.07 112.743
636.229 1508.7 112.772
636.947 1509.33 112.801
637.666 1509.97 112.83
638.403 1510.62 112.86
639.14 1511.28 112.89
639.896 1511.94 112.921
640.651 1512.61 112.951
641.167 1513.06 112.972
641.682 1513.51 112.992
642.197 1513.96 113.013
642.724 1514.42 113.034
643.251 1514.88 113.055
643.778 1515.34 113.076
644.315 1515.8 113.097
644.853 1516.27 113.119
645.391 1516.74 113.14
645.939 1517.21 113.162
646.487 1517.68 113.184
647.035 1518.16 113.205
647.593 1518.64 113.227
648.152 1519.12 113.25
648.71 1519.6 113.272
649.278 1520.09 113.294
649.846 1520.58 113.316
650.414 1521.07 113.339
650.991 1521.56 113.361
651.568 1522.05 113.384
652.146 1522.55 113.407
652.732 1523.05 113.43
653.318 1523.55 113.453
653.904 1524.05 113.476
654.499 1524.56 113.499
655.094 1525.06 113.522
655.688 1525.57 113.545
656.291 1526.08 113.569
656.894 1526.59 113.592
657.497 1527.11 113.616
658.107 1527.62 113.64
658.718 1528.14 113.663
659.328 1528.66 113.687
659.946 1529.18 113.711
660.564 1529.7 113.735
661.181 1530.23 113.759
661.806 1530.75 113.783
662.431 1531.28 113.807
663.055 1531.81 113.832
663.686 1532.34 113.856
664.318 1532.87 113.88
664.949 1533.4 113.905
665.586 1533.94 113.929
666.223 1534.48 113.954
666.86 1535.01 113.979
667.503 1535.55 114.004
668.146 1536.09 114.028
668.789 1536.63 114.053
669.437 1537.18 114.078
670.085 1537.72 114.103
670.733 1538.26 114.128
671.386 1538.81 114.153
672.039 1539.36 114.178
672.692 1539.91 114.203
673.349 1540.46 114.229
674.007 1541.01 114.254
674.664 1541.56 114.279
675.325 1542.11 114.305
675.987 1542.66 114.33
676.648 1543.22 114.355
677.313 1543.77 114.381
677.979 1544.33 114.406
678.644 1544.88 114.432
679.312 1545.44 114.458
679.98 1546 114.483
680.649 1546.56 114.509
681.32 1547.12 114.535
681.991 1547.68 114.56
682.662 1548.24 114.586
683.336 1548.8 114.612
684.009 1549.36 114.638
684.683 1549.92 114.663
685.358 1550.48 114.689
686.034 1551.05 114.715
686.71 1551.61 114.741
687.387 1552.17 114.767
688.064 1552.74 114.793
688.741 1553.3 114.819
689.42 1553.87 114.845
690.098 1554.43 114.871
690.777 1555 114.897
691.456 1555.56 114.923
692.135 1556.13 114.949
692.814 1556.69 114.975
693.494 1557.26 115.001
694.174 1557.83 115.027
694.853 1558.39 115.053
695.533 1558.96 115.079
696.213 1559.52 115.105
696.892 1560.09 115.131
697.572 1560.65 115.157
698.252 1561.22 115.183
698.931 1561.79 115.209
699.611 1562.35 115.235
700.291 1562.92 115.261
700.97 1563.48 115.286
701.65 1564.05 115.312
702.33 1564.61 115.338
703.009 1565.18 115.364
703.689 1565.75 115.39
704.369 1566.31 115.416
705.048 1566.88 115.442
705.728 1567.44 115.468
706.408 1568.01 115.494
707.087 1568.57 115.52
707.767 1569.14 115.546
708.447 1569.71 115.572
709.126 1570.27 115.598
709.806 1570.84 115.624
710.486 1571.4 115.65
711.165 1571.97 115.676
711.845 1572.54 115.702
712.525 1573.1 115.728
713.204 1573.67 115.754
713.884 1574.23 115.78
714.563 1574.8 115.806
715.243 1575.36 115.832
715.923 1575.93 115.858
716.602 1576.5 115.884
717.282 1577.06 115.91
717.962 1577.63 115.936
718.641 1578.19 115.962
719.321 1578.76 115.988
720.001 1579.32 116.014
720.68 1579.89 116.04
721.36 1580.46 116.066
722.04 1581.02 116.092
722.719 1581.59 116.118
723.399 1582.15 116.144
724.079 1582.72 116.17
724.758 1583.29 116.196
725.438 1583.85 116.222
726.118 1584.42 116.248
726.797 1584.98 116.274
727.477 1585.55 116.3
728.157 1586.11 116.326
728.836 1586.68 116.352
729.516 1587.25 116.378
730.196 1587.81 116.404
730.875 1588.38 116.43
731.555 1588.94 116.456
732.235 1589.51 116.482
732.914 1590.07 116.508
733.594 1590.64 116.534
734.274 1591.21 116.56
734.953 1591.77 116.586
735.633 1592.34 116.612
736.312 1592.9 116.638
736.992 1593.47 116.664
737.672 1594.03 116.69
738.351 1594.6 116.716
739.031 1595.17 116.742
739.711 1595.73 116.768
740.39 1596.3 116.794
741.07 1596.86 116.82
741.75 1597.43 116.846
742.429 1598 116.872
743.109 1598.56 116.898
743.789 1599.13 116.924
744.468 1599.69 116.95
745.148 1600.26 116.976
745.828 1600.82 117.002
746.507 1601.39 117.028
747.187 1601.96 117.054
747.867 1602.52 117.08
748.546 1603.09 117.106
749.226 1603.65 117.132
749.906 1604.22 117.158
750.585 1604.78 117.184
751.265 1605.35 117.21
751.945 1605.92 117.236
752.624 1606.48 117.262
753.304 1607.05 117.288
753.984 1607.61 117.314
754.663 1608.18 117.34
755.343 1608.75 117.366
756.023 1609.31 117.392
756.702 1609.88 117.418
757.382 1610.44 117.444
758.061 1611.01 117.47
758.741 1611.57 117.496
759.421 1612.14 117.522
760.1 1612.71 117.548
760.78 1613.27 117.574
761.46 1613.84 117.6
762.139 1614.4 117.626
762.819 1614.97 117.652
763.499 1615.53 117.678
764.178 1616.1 117.704
764.858 1616.67 117.73
765.538 1617.23 117.756
766.217 1617.8 117.782
766.897 1618.36 117.808
767.577 1618.93 117.834
768.256 1619.49 117.86
768.936 1620.06 117.886
769.616 1620.63 117.912
770.295 1621.19 117.938
770.975 1621.76 117.964
771.655 1622.32 117.99
772.334 1622.89 118.016
773.014 1623.46 118.042
773.694 1624.02 118.068
774.373 1624.59 118.094
775.053 1625.15 118.12
775.733 1625.72 118.146
776.412 1626.28 118.172
777.092 1626.85 118.198
777.772 1627.42 118.224
778.451 1627.98 118.25
779.131 1628.55 118.276
779.81 1629.11 118.302
780.49 1629.68 118.328
781.17 1630.24 118.354
781.849 1630.81 118.38
782.529 1631.38 118.406
783.209 1631.94 118.432
783.888 1632.51 118.458
784.568 1633.07 118.484
785.248 1633.64 118.51
785.927 1634.21 118.536
786.607 1634.77 118.562
787.287 1635.34 118.588
787.966 1635.9 118.614
788.646 1636.47 118.64
789.326 1637.03 118.666
790.005 1637.6 118.692
790.685 1638.17 118.718
791.365 1638.73 118.744
792.044 1639.3 118.77
792.724 1639.86 118.796
793.404 1640.43 118.822
794.083 1640.99 118.848
794.763 1641.56 118.874
795.443 1642.13 118.9
796.122 1642.69 118.926
796.802 1643.26 118.952
797.482 1643.82 118.978
798.161 1644.39 119.004
798.841 1644.95 119.03
799.521 1645.52 119.056
800.2 1646.09 119.082
800.88 1646.65 119.108
801.559 1647.22 119.134
802.239 1647.78 119.16
802.919 1648.35 119.186
803.598 1648.92 119.212
804.278 1649.48 119.238
804.958 1650.05 119.264
805.637 1650.61 119.29
806.317 1651.18 119.316
806.997 1651.74 119.342
807.676 1652.31 119.368
808.356 1652.88 119.394
809.036 1653.44 119.42
809.715 1654.01 119.446
810.395 1654.57 119.472
811.075 1655.14 119.498
811.754 1655.7 119.524
812.434 1656.27 119.55
813.114 1656.84 119.576
813.793 1657.4 119.602
814.473 1657.97 119.628
815.153 1658.53 119.653
815.832 1659.1 119.679
816.512 1659.67 119.705
817.192 1660.23 119.731
817.871 1660.8 119.757
818.551 1661.36 119.783
819.231 1661.93 119.809
819.91 1662.49 119.835
820.59 1663.06 119.861
821.27 1663.63 119.887
821.949 1664.19 119.913
822.629 1664.76 119.939
823.309 1665.32 119.965
823.988 1665.89 119.991
824.668 1666.45 120.017
825.347 1667.02 120.043
826.027 1667.59 120.069
826.707 1668.15 120.095
827.386 1668.72 120.121
828.066 1669.28 120.147
828.746 1669.85 120.173
829.426 1670.41 120.199
830.106 1670.98 120.225
830.786 1671.55 120.251
831.466 1672.11 120.277
832.147 1672.68 120.303
832.827 1673.24 120.329
833.508 1673.81 120.355
834.189 1674.37 120.381
834.87 1674.94 120.407
835.551 1675.51 120.433
836.233 1676.07 120.459
836.915 1676.64 120.485
837.597 1677.2 120.511
838.279 1677.77 120.537
838.962 1678.33 120.563
839.645 1678.9 120.588
840.328 1679.47 120.614
841.012 1680.03 120.64
841.696 1680.6 120.666
842.381 1681.16 120.692
843.066 1681.73 120.718
843.75 1682.29 120.744
844.437 1682.86 120.769
845.123 1683.42 120.795
845.809 1683.99 120.821
846.497 1684.55 120.847
847.184 1685.12 120.872
847.872 1685.69 120.898
848.561 1686.25 120.924
849.25 1686.82 120.949
849.94 1687.38 120.975
850.631 1687.95 121.001
851.322 1688.51 121.026
852.013 1689.08 121.052
852.705 1689.64 121.078
853.398 1690.21 121.103
854.091 1690.77 121.129
854.786 1691.34 121.154
855.481 1691.9 121.18
856.176 1692.47 121.205
856.873 1693.03 121.231
857.57 1693.6 121.256
858.267 1694.16 121.281
858.966 1694.72 121.307
859.666 1695.29 121.332
860.365 1695.85 121.357
861.067 1696.42 121.383
861.769 1696.98 121.408
862.471 1697.55 121.433
863.175 1698.11 121.458
863.88 1698.68 121.484
864.584 1699.24 121.509
865.291 1699.8 121.534
865.999 1700.37 121.559
866.706 1700.93 121.584
867.416 1701.5 121.609
868.126 1702.06 121.634
868.836 1702.62 121.659
869.55 1703.19 121.684
870.263 1703.75 121.709
870.976 1704.32 121.734
871.692 1704.88 121.759
872.409 1705.44 121.783
873.125 1706.01 121.808
873.845 1706.57 121.833
874.564 1707.13 121.857
875.284 1707.7 121.882
876.007 1708.26 121.907
876.731 1708.82 121.931
877.454 1709.39 121.956
878.181 1709.95 121.98
878.907 1710.51 122.005
879.634 1711.08 122.029
880.365 1711.64 122.054
881.095 1712.2 122.078
881.826 1712.76 122.102
882.561 1713.33 122.126
883.295 1713.89 122.151
884.03 1714.45 122.175
884.768 1715.01 122.199
885.507 1715.58 122.223
886.245 1716.14 122.247
886.988 1716.7 122.271
887.731 1717.26 122.295
888.474 1717.83 122.319
889.221 1718.39 122.342
889.968 1718.95 122.366
890.715 1719.51 122.39
891.279 1719.93 122.408
891.843 1720.35 122.426
892.406 1720.77 122.443
892.97 1721.2 122.461
893.537 1721.62 122.479
894.104 1722.04 122.496
894.672 1722.46 122.514
895.239 1722.88 122.531
895.809 1723.3 122.549
896.38 1723.72 122.566
896.951 1724.14 122.584
897.521 1724.56 122.601
898.095 1724.98 122.619
898.669 1725.4 122.636
899.243 1725.82 122.654
899.817 1726.25 122.671
900.394 1726.67 122.688
900.971 1727.09 122.706
901.548 1727.51 122.723
902.125 1727.93 122.74
902.705 1728.35 122.757
903.285 1728.77 122.775
903.865 1729.19 122.792
904.445 1729.61 122.809
905.028 1730.03 122.826
905.611 1730.45 122.843
906.194 1730.87 122.86
906.777 1731.29 122.877
907.363 1731.71 122.894
907.949 1732.13 122.911
908.534 1732.55 122.928
909.12 1732.97 122.945
909.709 1733.39 122.962
910.297 1733.81 122.979
910.886 1734.23 122.996
911.474 1734.65 123.013
912.066 1735.07 123.03
912.657 1735.49 123.047
913.248 1735.91 123.063
913.839 1736.33 123.08
914.433 1736.74 123.097
915.026 1737.16 123.114
915.62 1737.58 123.13
916.214 1738 123.147
916.81 1738.42 123.164
917.406 1738.84 123.181
918.002 1739.26 123.197
918.598 1739.68 123.214
919.196 1740.1 123.23
919.795 1740.52 123.247
920.393 1740.94 123.264
920.991 1741.36 123.28
921.592 1741.78 123.297
922.192 1742.19 123.313
922.793 1742.61 123.33
923.393 1743.03 123.346
923.996 1743.45 123.363
924.599 1743.87 123.379
925.201 1744.29 123.396
925.804 1744.71 123.412
926.408 1745.13 123.429
927.013 1745.55 123.445
927.617 1745.96 123.461
928.222 1746.38 123.478
928.828 1746.8 123.494
929.435 1747.22 123.51
930.041 1747.64 123.527
930.648 1748.06 123.543
931.256 1748.48 123.559
931.864 1748.9 123.576
932.472 1749.31 123.592
933.08 1749.73 123.608
933.69 1750.15 123.624
934.3 1750.57 123.64
934.91 1750.99 123.657
935.519 1751.41 123.673
936.131 1751.82 123.689
936.742 1752.24 123.705
937.353 1752.66 123.721
937.965 1753.08 123.738
938.577 1753.5 123.754
939.19 1753.92 123.77
939.803 1754.34 123.786
940.415 1754.75 123.802
941.029 1755.17 123.818
941.643 1755.59 123.834
942.257 1756.01 123.85
942.871 1756.43 123.866
943.487 1756.84 123.882
944.102 1757.26 123.898
944.717 1757.68 123.914
945.332 1758.1 123.931
945.949 1758.52 123.947
946.565 1758.94 123.963
947.181 1759.35 123.979
947.798 1759.77 123.995
948.415 1760.19 124.011
949.032 1760.61 124.026
949.649 1761.03 124.042
950.267 1761.44 124.058
950.885 1761.86 124.074
951.503 1762.28 124.09
952.121 1762.7 124.106
952.739 1763.12 124.122
953.358 1763.53 124.138
953.977 1763.95 124.154
954.596 1764.37 124.17
955.215 1764.79 124.186
955.835 1765.21 124.202
956.454 1765.62 124.218
957.074 1766.04 124.234
957.693 1766.46 124.249
958.313 1766.88 124.265
958.934 1767.3 124.281
959.554 1767.71 124.297
960.174 1768.13 124.313
960.794 1768.55 124.329
961.415 1768.97 124.345
962.035 1769.38 124.361
962.656 1769.8 124.376
963.277 1770.22 124.392
963.898 1770.64 124.408
964.519 1771.06 124.424
965.139 1771.47 124.44
965.761 1771.89 124.456
966.382 1772.31 124.471
967.003 1772.73 124.487
967.624 1773.14 124.503
968.245 1773.56 124.519
968.866 1773.98 124.535
969.487 1774.4 124.551
970.109 1774.82 124.567
970.73 1775.23 124.582
971.351 1775.65 124.598
971.972 1776.07 124.614
972.593 1776.49 124.63
973.215 1776.91 124.646
973.836 1777.32 124.662
974.457 1777.74 124.677
975.078 1778.16 124.693
975.7 1778.58 124.709
976.321 1778.99 124.725
976.942 1779.41 124.741
977.563 1779.83 124.757
978.184 1780.25 124.772
978.806 1780.67 124.788
979.427 1781.08 124.804
980.048 1781.5 124.82
980.669 1781.92 124.836
981.29 1782.34 124.852
981.912 1782.75 124.868
982.533 1783.17 124.883
983.154 1783.59 124.899
983.775 1784.01 124.915
984.396 1784.43 124.931
985.018 1784.84 124.947
985.639 1785.26 124.963
986.26 1785.68 124.978
986.881 1786.1 124.994
987.502 1786.52 125.01
988.124 1786.93 125.026
988.745 1787.35 125.042
989.366 1787.77 125.058
989.987 1788.19 125.073
990.608 1788.6 125.089
991.23 1789.02 125.105
991.851 1789.44 125.121
992.472 1789.86 125.137
993.093 1790.28 125.153
993.714 1790.69 125.169
994.336 1791.11 125.184
994.957 1791.53 125.2
995.578 1791.95 125.216
996.199 1792.36 125.232
996.82 1792.78 125.248
997.442 1793.2 125.264
998.063 1793.62 125.279
998.684 1794.04 125.295
999.305 1794.45 125.311
999.926 1794.87 125.327
1000.55 1795.29 125.343
1001.17 1795.71 125.359
1001.79 1796.13 125.374
1002.41 1796.54 125.39
1003.03 1796.96 125.406
1003.65 1797.38 125.422
1004.27 1797.8 125.438
1004.9 1798.21 125.454
1005.52 1798.63 125.47
1006.14 1799.05 125.485
1006.76 1799.47 125.501
1007.38 1799.89 125.517
1008 1800.3 125.533
1008.62 1800.72 125.549
1009.24 1801.14 125.565
1009.87 1801.56 125.58
1010.49 1801.97 125.596
1011.11 1802.39 125.612
1011.73 1802.81 125.628
1012.35 1803.23 125.644
1012.97 1803.65 125.66
1013.59 1804.06 125.675
1014.21 1804.48 125.691
1014.84 1804.9 125.707
1015.46 1805.32 125.723
1016.08 1805.74 125.739
1016.7 1806.15 125.755
1017.32 1806.57 125.77
1017.94 1806.99 125.786
1018.56 1807.41 125.802
1019.18 1807.82 125.818
1019.81 1808.24 125.834
1020.43 1808.66 125.85
1021.05 1809.08 125.866
1021.67 1809.5 125.881
1022.29 1809.91 125.897
1022.91 1810.33 125.913
1023.53 1810.75 125.929
1024.15 1811.17 125.945
1024.77 1811.58 125.961
1025.4 1812 125.976
1026.02 1812.42 125.992
1026.64 1812.84 126.008
1027.26 1813.26 126.024
1027.88 1813.67 126.04
1028.5 1814.09 126.056
1029.12 1814.51 126.071
1029.74 1814.93 126.087
1030.37 1815.35 126.103
1030.99 1815.76 126.119
1031.61 1816.18 126.135
1032.23 1816.6 126.151
1032.85 1817.02 126.167
1033.47 1817.43 126.182
1034.09 1817.85 126.198
1034.71 1818.27 126.214
1035.34 1818.69 126.23
1035.96 1819.11 126.246
1036.58 1819.52 126.262
1037.2 1819.94 126.277
1037.82 1820.36 126.293
1038.44 1820.78 126.309
1039.06 1821.19 126.325
1039.68 1821.61 126.341
1040.3 1822.03 126.357
1040.93 1822.45 126.372
1041.55 1822.87 126.388
1042.17 1823.28 126.404
1042.79 1823.7 126.42
1043.41 1824.12 126.436
1044.03 1824.54 126.452
1044.65 1824.96 126.468
1045.27 1825.37 126.483
1045.9 1825.79 126.499
1046.52 1826.21 126.515
1047.14 1826.63 126.531
1047.76 1827.04 126.547
1048.38 1827.46 126.563
1049 1827.88 126.578
1049.62 1828.3 126.594
1050.24 1828.72 126.61
1050.87 1829.13 126.626
1051.49 1829.55 126.642
1052.11 1829.97 126.658
1052.73 1830.39 126.673
1053.35 1830.8 126.689
1053.97 1831.22 126.705
1054.59 1831.64 126.721
1055.21 1832.06 126.737
1055.83 1832.48 126.753
1056.46 1832.89 126.769
1057.08 1833.31 126.784
1057.7 1833.73 126.8
1058.32 1834.15 126.816
1058.94 1834.57 126.832
1059.56 1834.98 126.848
1060.18 1835.4 126.864
1060.8 1835.82 126.879
1061.43 1836.24 126.895
1062.05 1836.65 126.911
1062.67 1837.07 126.927
1063.29 1837.49 126.943
1063.91 1837.91 126.959
1064.53 1838.33 126.974
1065.15 1838.74 126.99
1065.77 1839.16 127.006
1066.4 1839.58 127.022
1067.02 1840 127.038
1067.64 1840.41 127.054
1068.26 1840.83 127.069
1068.88 1841.25 127.085
1069.5 1841.67 127.101
1070.12 1842.09 127.117
1070.74 1842.5 127.133
1071.37 1842.92 127.149
1071.99 1843.34 127.165
1072.61 1843.76 127.18
1073.23 1844.17 127.196
1073.85 1844.59 127.212
1074.47 1845.01 127.228
1075.09 1845.43 127.244
1075.71 1845.85 127.26
1076.33 1846.26 127.275
1076.96 1846.68 127.291
1077.58 1847.1 127.307
1078.2 1847.52 127.323
1078.82 1847.94 127.339
1079.44 1848.35 127.355
1080.06 1848.77 127.37
1080.68 1849.19 127.386
1081.3 1849.61 127.402
1081.93 1850.02 127.418
1082.55 1850.44 127.434
1083.17 1850.86 127.45
1083.79 1851.28 127.466
1084.41 1851.7 127.481
1085.03 1852.11 127.497
1085.65 1852.53 127.513
1086.27 1852.95 127.529
1086.9 1853.37 127.545
1087.52 1853.78 127.561
1088.14 1854.2 127.576
1088.76 1854.62 127.592
1089.38 1855.04 127.608
1090 1855.46 127.624
1090.62 1855.87 127.64
1091.24 1856.29 127.656
1091.86 1856.71 127.671
1092.49 1857.13 127.687
1093.11 1857.55 127.703
1093.73 1857.96 127.719
1094.35 1858.38 127.735
1094.97 1858.8 127.751
1095.59 1859.22 127.767
1096.21 1859.63 127.782
1096.83 1860.05 127.798
1097.46 1860.47 127.814
1098.08 1860.89 127.83
1098.7 1861.31 127.846
1099.32 1861.72 127.862
1099.94 1862.14 127.877
1100.56 1862.56 127.893
1101.18 1862.98 127.909
1101.8 1863.39 127.925
1102.43 1863.81 127.941
1103.05 1864.23 127.957
1103.67 1864.65 127.972
1104.29 1865.07 127.988
1104.91 1865.48 128.004
1105.53 1865.9 128.02
1106.15 1866.32 128.036
1106.77 1866.74 128.052
1107.39 1867.16 128.068
1108.02 1867.57 128.083
1108.64 1867.99 128.099
1109.26 1868.41 128.115
1109.88 1868.83 128.131
1110.5 1869.24 128.147
1111.12 1869.66 128.163
1111.74 1870.08 128.178
1112.36 1870.5 128.194
1112.99 1870.92 128.21
1113.61 1871.33 128.226
1114.23 1871.75 128.242
1114.85 1872.17 128.258
1115.47 1872.59 128.273
1116.09 1873 128.289
1116.71 1873.42 128.305
1117.33 1873.84 128.321
1117.96 1874.26 128.337
1118.58 1874.68 128.353
1119.2 1875.09 128.368
1119.82 1875.51 128.384
1120.44 1875.93 128.4
1121.06 1876.35 128.416
1121.68 1876.77 128.432
1122.3 1877.18 128.448
1122.93 1877.6 128.464
1123.55 1878.02 128.479
1124.17 1878.44 128.495
1124.79 1878.85 128.511
1125.41 1879.27 128.527
1126.03 1879.69 128.543
1126.65 1880.11 128.559
1127.27 1880.53 128.574
1127.89 1880.94 128.59
1128.52 1881.36 128.606
1129.14 1881.78 128.622
1129.76 1882.2 128.638
1130.38 1882.61 128.654
1131 1883.03 128.669
1131.62 1883.45 128.685
1132.24 1883.87 128.701
1132.86 1884.29 128.717
1133.49 1884.7 128.733
1134.11 1885.12 128.749
1134.73 1885.54 128.764
1135.35 1885.96 128.78
1135.97 1886.37 128.796
1136.59 1886.79 128.812
1137.21 1887.21 128.828
1137.83 1887.62 128.843
1138.45 1888.04 128.859
1139.07 1888.46 128.875
1139.69 1888.87 128.89
1140.31 1889.29 128.906
1140.93 1889.7 128.922
1141.55 1890.12 128.937
1142.17 1890.53 128.953
1142.79 1890.95 128.969
1143.41 1891.36 128.984
1144.03 1891.78 129
1144.65 1892.19 129.015
1145.27 1892.6 129.031
1145.89 1893.01 129.046
1146.51 1893.43 129.062
1147.13 1893.84 129.077
1147.75 1894.25 129.092
1148.37 1894.66 129.108
1148.99 1895.07 129.123
1149.6 1895.48 129.138
1150.22 1895.89 129.154
1150.84 1896.3 129.169
1151.46 1896.71 129.184
1152.08 1897.12 129.199
1152.69 1897.53 129.214
1153.31 1897.94 129.229
1153.93 1898.34 129.244
1154.55 1898.75 129.259
1155.16 1899.15 129.274
1155.78 1899.56 129.289
1156.39 1899.97 129.304
1157.01 1900.37 129.319
1157.63 1900.77 129.333
1158.24 1901.17 129.348
1158.86 1901.58 129.363
1159.47 1901.98 129.377
1160.09 1902.38 129.392
1160.7 1902.78 129.406
1161.31 1903.18 129.421
1161.93 1903.58 129.435
1162.54 1903.97 129.45
1163.16 1904.37 129.464
1163.77 1904.77 129.478
1164.38 1905.16 129.492
1164.99 1905.56 129.506
1165.61 1905.95 129.52
1166.22 1906.35 129.534
1167.03 1906.87 129.553
1167.85 1907.39 129.571
1168.66 1907.91 129.59
1169.47 1908.43 129.608
1170.29 1908.94 129.626
1171.1 1909.46 129.644
1171.91 1909.97 129.661
1172.72 1910.48 129.679
1173.53 1910.99 129.697
1174.34 1911.5 129.714
1175.15 1912 129.731
1175.96 1912.51 129.748
1176.76 1913.01 129.765
1177.57 1913.51 129.782
1178.38 1914.01 129.799
1179.18 1914.51 129.815
1179.99 1915 129.832
1180.79 1915.49 129.848
1181.59 1915.98 129.864
1182.39 1916.47 129.88
1183.2 1916.96 129.896
1183.99 1917.44 129.911
1184.79 1917.92 129.926
1185.59 1918.4 129.942
1186.39 1918.88 129.957
1187.19 1919.35 129.972
1187.98 1919.83 129.986
1188.78 1920.29 130.001
1189.57 1920.76 130.015
1190.37 1921.23 130.029
1191.16 1921.69 130.043
1191.95 1922.15 130.057
1192.74 1922.61 130.071
1193.53 1923.06 130.084
1194.32 1923.51 130.097
1195.1 1923.96 130.11
1195.89 1924.41 130.123
1196.67 1924.85 130.135
1197.46 1925.3 130.148
1198.24 1925.73 130.16
1199.02 1926.17 130.172
1199.8 1926.6 130.184
1200.58 1927.03 130.195
1201.36 1927.46 130.206
1202.14 1927.88 130.218
1202.91 1928.3 130.228
1203.69 1928.72 130.239
1204.47 1929.14 130.249
1205.24 1929.55 130.259
1206.01 1929.95 130.269
1206.78 1930.36 130.279
1207.55 1930.76 130.288
1208.32 1931.16 130.297
1209.08 1931.56 130.306
1209.85 1931.95 130.315
1210.61 1932.34 130.323
1211.38 1932.73 130.332
1212.14 1933.11 130.34
1212.9 1933.49 130.347
1213.66 1933.87 130.355
1214.42 1934.25 130.362
1215.17 1934.62 130.369
1215.93 1934.99 130.377
1216.69 1935.35 130.383
1217.44 1935.72 130.39
1218.2 1936.08 130.396
1218.95 1936.44 130.402
1219.7 1936.79 130.408
1220.45 1937.15 130.414
1221.2 1937.5 130.419
1221.95 1937.84 130.424
1222.69 1938.19 130.43
1223.44 1938.53 130.434
1224.19 1938.87 130.439
1224.93 1939.21 130.444
1225.67 1939.55 130.448
1226.42 1939.88 130.452
1227.16 1940.21 130.456
1227.9 1940.54 130.46
1228.64 1940.87 130.464
1229.38 1941.19 130.467
1230.12 1941.51 130.47
1230.86 1941.83 130.474
1231.59 1942.15 130.477
1232.33 1942.47 130.479
1233.06 1942.78 130.482
1233.8 1943.09 130.485
1234.53 1943.4 130.487
1235.26 1943.71 130.489
1236 1944.02 130.492
1236.73 1944.32 130.493
1237.46 1944.62 130.495
1238.19 1944.92 130.497
1238.92 1945.22 130.498
1239.65 1945.51 130.5
1240.38 1945.81 130.501
1241.1 1946.1 130.502
1241.83 1946.39 130.503
1242.56 1946.69 130.504
1243.28 1946.97 130.505
1244.01 1947.26 130.505
1244.73 1947.55 130.506
1245.45 1947.83 130.506
1246.18 1948.11 130.507
1246.9 1948.39 130.507
1247.62 1948.67 130.507
1248.34 1948.95 130.507
1249.06 1949.23 130.507
1249.78 1949.5 130.507
1250.51 1949.77 130.506
1251.23 1950.05 130.506
1251.94 1950.32 130.506
1252.66 1950.59 130.505
1253.38 1950.86 130.504
1254.1 1951.13 130.504
1254.82 1951.39 130.503
1255.53 1951.66 130.502
1256.25 1951.93 130.501
1256.97 1952.19 130.5
1257.68 1952.45 130.499
1258.4 1952.72 130.497
1259.11 1952.98 130.496
1259.83 1953.24 130.495
1260.54 1953.5 130.494
1261.26 1953.76 130.492
1261.97 1954.02 130.491
1262.69 1954.27 130.489
1263.4 1954.53 130.487
1264.11 1954.79 130.486
1264.83 1955.04 130.484
1265.54 1955.3 130.482
1266.25 1955.55 130.481
1266.96 1955.81 130.479
1267.68 1956.06 130.477
1268.39 1956.31 130.475
1269.1 1956.57 130.473
1269.81 1956.82 130.471
1270.52 1957.07 130.469
1271.24 1957.32 130.467
1271.95 1957.57 130.465
1272.66 1957.83 130.463
1273.37 1958.08 130.461
1274.08 1958.33 130.459
1274.79 1958.58 130.457
1275.5 1958.83 130.455
1276.22 1959.08 130.453
1276.93 1959.33 130.451
1277.64 1959.58 130.449
1278.35 1959.83 130.447
1279.06 1960.08 130.445
1279.77 1960.33 130.443
1280.48 1960.58 130.441
1281.19 1960.84 130.439
1281.9 1961.09 130.437
1282.62 1961.34 130.434
1283.33 1961.59 130.432
1284.04 1961.84 130.43
1284.75 1962.09 130.428
1285.46 1962.34 130.426
1286.17 1962.59 130.424
1286.88 1962.84 130.422
1287.59 1963.09 130.42
1288.31 1963.34 130.418
1289.02 1963.59 130.416
1289.73 1963.84 130.414
1290.44 1964.1 130.412
1291.15 1964.35 130.41
1291.86 1964.6 130.408
1292.57 1964.85 130.406
1293.28 1965.1 130.403
1294 1965.35 130.401
1294.71 1965.6 130.399
1295.42 1965.85 130.397
1296.13 1966.1 130.395
1296.84 1966.35 130.393
1297.55 1966.6 130.391
1298.26 1966.85 130.389
1298.97 1967.1 130.387
1299.68 1967.35 130.385
1300.4 1967.61 130.383
1301.11 1967.86 130.381
1301.82 1968.11 130.379
1302.53 1968.36 130.377
1303.24 1968.61 130.374
1303.95 1968.86 130.372
1304.66 1969.11 130.37
1305.37 1969.36 130.368
1306.09 1969.61 130.366
1306.8 1969.86 130.364
1307.51 1970.11 130.362
1308.22 1970.36 130.36
1308.93 1970.61 130.358
1309.64 1970.86 130.356
1310.35 1971.12 130.354
1311.06 1971.37 130.352
1311.78 1971.62 130.35
1312.49 1971.87 130.348
1313.2 1972.12 130.346
1313.91 1972.37 130.343
1314.62 1972.62 130.341
1315.33 1972.87 130.339
1316.04 1973.12 130.337
1316.75 1973.37 130.335
1317.46 1973.62 130.333
1318.18 1973.87 130.331
1318.89 1974.12 130.329
1319.6 1974.38 130.327
1320.31 1974.63 130.325
1321.02 1974.88 130.323
1321.73 1975.13 130.321
1322.44 1975.38 130.319
1323.15 1975.63 130.317
1323.87 1975.88 130.314
1324.58 1976.13 130.312
1325.29 1976.38 130.31
1326 1976.63 130.308
1326.71 1976.88 130.306
1327.42 1977.13 130.304
1328.13 1977.38 130.302
1328.84 1977.63 130.3
1329.56 1977.89 130.298
1330.27 1978.14 130.296
1330.98 1978.39 130.294
1331.69 1978.64 130.292
1332.4 1978.89 130.29
1333.11 1979.14 130.288
1333.82 1979.39 130.286
1334.53 1979.64 130.283
1335.24 1979.89 130.281
1335.96 1980.14 130.279
1336.67 1980.39 130.277
1337.38 1980.64 130.275
1338.09 1980.89 130.273
1338.8 1981.15 130.271
1339.51 1981.4 130.269
1340.22 1981.65 130.267
1340.93 1981.9 130.265
1341.65 1982.15 130.263
1342.36 1982.4 130.261
1343.07 1982.65 130.259
1343.78 1982.9 130.257
1344.49 1983.15 130.254
1345.2 1983.4 130.252
1345.91 1983.65 130.25
1346.62 1983.9 130.248
1347.34 1984.15 130.246
1348.05 1984.4 130.244
1348.76 1984.66 130.242
1349.47 1984.91 130.24
1350.18 1985.16 130.238
1350.89 1985.41 130.236
1351.6 1985.66 130.234
1352.31 1985.91 130.232
1353.02 1986.16 130.23
1353.74 1986.41 130.228
1354.45 1986.66 130.226
1355.16 1986.91 130.223
1355.87 1987.16 130.221
1356.58 1987.41 130.219
1357.29 1987.66 130.217
1358 1987.92 130.215
1358.71 1988.17 130.213
1359.43 1988.42 130.211
1360.14 1988.67 130.209
1360.85 1988.92 130.207
1361.56 1989.17 130.205
1362.27 1989.42 130.203
1362.98 1989.67 130.201
1363.69 1989.92 130.199
1364.4 1990.17 130.197
1365.12 1990.42 130.194
1365.83 1990.67 130.192
1366.54 1990.92 130.19
1367.25 1991.17 130.188
1367.96 1991.43 130.186
1368.67 1991.68 130.184
1369.38 1991.93 130.182
1370.09 1992.18 130.18
1370.8 1992.43 130.178
1371.52 1992.68 130.176
1372.23 1992.93 130.174
1372.94 1993.18 130.172
1373.65 1993.43 130.17
1374.36 1993.68 130.168
1375.07 1993.93 130.166
1375.78 1994.18 130.163
1376.49 1994.43 130.161
1377.21 1994.68 130.159
1377.92 1994.94 130.157
1378.63 1995.19 130.155
1379.34 1995.44 130.153
1380.05 1995.69 130.151
1380.76 1995.94 130.149
1381.47 1996.19 130.147
1382.18 1996.44 130.145
1382.9 1996.69 130.143
1383.61 1996.94 130.141
1384.32 1997.19 130.139
1385.03 1997.44 130.137
1385.74 1997.69 130.134
1386.45 1997.94 130.132
1387.16 1998.2 130.13
1387.87 1998.45 130.128
1388.58 1998.7 130.126
1389.3 1998.95 130.124
1390.01 1999.2 130.122
1390.72 1999.45 130.12
1391.43 1999.7 130.118
1392.14 1999.95 130.116
1392.85 2000.2 130.114
1393.56 2000.45 130.112
1394.27 2000.7 130.11
1394.99 2000.95 130.108
1395.7 2001.2 130.105
1396.41 2001.45 130.103
1397.12 2001.71 130.101
1397.83 2001.96 130.099
1398.54 2002.21 130.097
1399.25 2002.46 130.095
1399.96 2002.71 130.093
1400.68 2002.96 130.091
1401.39 2003.21 130.089
1402.1 2003.46 130.087
1402.81 2003.71 130.085
1403.52 2003.96 130.083
1404.23 2004.21 130.081
1404.94 2004.46 130.079
1405.65 2004.71 130.077
1406.36 2004.97 130.074
1407.08 2005.22 130.072
1407.79 2005.47 130.07
1408.5 2005.72 130.068
1409.21 2005.97 130.066
1409.92 2006.22 130.064
1410.63 2006.47 130.062
1411.34 2006.72 130.06
1412.05 2006.97 130.058
1412.77 2007.22 130.056
1413.48 2007.47 130.054
1414.19 2007.72 130.052
1414.9 2007.97 130.05
1415.61 2008.22 130.048
1416.32 2008.48 130.045
1417.03 2008.73 130.043
1417.74 2008.98 130.041
1418.45 2009.23 130.039
1419.17 2009.48 130.037
1419.88 2009.73 130.035
1420.59 2009.98 130.033
1421.3 2010.23 130.031
1422.01 2010.48 130.028
1422.72 2010.72 130.026
1423.43 2010.97 130.024
1424.14 2011.22 130.022
1424.85 2011.47 130.019
1425.56 2011.72 130.017
1426.26 2011.97 130.015
1426.97 2012.21 130.012
1427.68 2012.46 130.01
1428.39 2012.71 130.008
1429.1 2012.95 130.005
1429.81 2013.2 130.003
1430.51 2013.44 130
1431.22 2013.68 129.997
1431.93 2013.93 129.995
1432.63 2014.17 129.992
1433.34 2014.41 129.989
1434.04 2014.66 129.987
1434.75 2014.9 129.984
1435.45 2015.14 129.981
1436.16 2015.38 129.978
1436.86 2015.62 129.975
1437.56 2015.86 129.972
1438.26 2016.09 129.969
1438.97 2016.33 129.966
1439.67 2016.57 129.962
1440.37 2016.8 129.959
1441.07 2017.04 129.956
1441.77 2017.27 129.952
1442.47 2017.5 129.949
1443.17 2017.74 129.945
1443.87 2017.97 129.942
1444.56 2018.2 129.938
1445.26 2018.43 129.934
1445.96 2018.65 129.93
1446.65 2018.88 129.926
1447.35 2019.11 129.922
1448.04 2019.33 129.918
1448.73 2019.56 129.914
1449.43 2019.78 129.91
1450.12 2020 129.905
1450.81 2020.22 129.901
1451.5 2020.44 129.896
1452.19 2020.66 129.891
1452.88 2020.88 129.887
1453.57 2021.1 129.882
1454.25 2021.31 129.877
1454.94 2021.52 129.872
1455.62 2021.74 129.867
1456.31 2021.95 129.861
1456.99 2022.16 129.856
1457.68 2022.37 129.85
1458.7 2022.67 129.842
1459.72 2022.98 129.833
1460.73 2023.29 129.824
1461.75 2023.59 129.815
1462.76 2023.88 129.805
1463.78 2024.18 129.796
1464.78 2024.47 129.785
1465.79 2024.75 129.775
1466.79 2025.03 129.764
1467.8 2025.32 129.754
1468.79 2025.59 129.742
1469.79 2025.86 129.731
1470.78 2026.13 129.719
1471.78 2026.39 129.707
1472.76 2026.65 129.694
1473.75 2026.91 129.681
1474.73 2027.16 129.668
1475.71 2027.4 129.654
1476.69 2027.64 129.64
1477.66 2027.88 129.626
1478.63 2028.11 129.611
1479.6 2028.35 129.596
1480.56 2028.57 129.581
1481.53 2028.79 129.565
1482.48 2029 129.549
1483.44 2029.21 129.532
1484.39 2029.42 129.515
1485.34 2029.62 129.498
1486.29 2029.82 129.48
1487.23 2030.01 129.463
1488.17 2030.2 129.444
1489.11 2030.38 129.426
1490.04 2030.56 129.407
1490.98 2030.74 129.388
1491.91 2030.91 129.368
1492.84 2031.08 129.348
1493.76 2031.25 129.328
1494.68 2031.41 129.308
1495.6 2031.57 129.287
1496.52 2031.73 129.266
1497.44 2031.88 129.245
1498.35 2032.03 129.223
1499.26 2032.17 129.201
1500.17 2032.31 129.18
1501.08 2032.45 129.157
1501.99 2032.59 129.135
1502.89 2032.72 129.112
1503.79 2032.85 129.089
1504.69 2032.98 129.066
1505.59 2033.1 129.042
1506.48 2033.23 129.019
1507.38 2033.35 128.995
1508.27 2033.46 128.971
1509.16 2033.58 128.946
1510.05 2033.69 128.922
1510.94 2033.8 128.897
1511.82 2033.91 128.872
1512.71 2034.01 128.848
1513.59 2034.12 128.822
1514.48 2034.22 128.797
1515.36 2034.32 128.772
1516.24 2034.42 128.746
1517.11 2034.51 128.72
1517.99 2034.61 128.694
1518.87 2034.7 128.668
1519.74 2034.79 128.642
1520.62 2034.88 128.616
1521.49 2034.97 128.59
1522.36 2035.06 128.563
1523.24 2035.14 128.537
1524.11 2035.23 128.51
1524.98 2035.31 128.483
1525.85 2035.4 128.456
1526.71 2035.48 128.429
1527.58 2035.56 128.402
1528.45 2035.64 128.375
1529.32 2035.72 128.348
1530.18 2035.8 128.321
1531.05 2035.87 128.294
1531.92 2035.95 128.266
1532.78 2036.03 128.239
1533.65 2036.11 128.212
1534.51 2036.18 128.184
1535.38 2036.26 128.157
1536.24 2036.33 128.13
1537.11 2036.41 128.102
1537.97 2036.49 128.075
1538.84 2036.56 128.048
1539.7 2036.64 128.02
1540.57 2036.71 127.993
1541.43 2036.79 127.965
1542.3 2036.87 127.938
1543.16 2036.94 127.911
1544.03 2037.02 127.883
1544.89 2037.1 127.856
1545.76 2037.17 127.828
1546.62 2037.25 127.801
1547.49 2037.32 127.774
1548.35 2037.4 127.746
1549.22 2037.48 127.719
1550.08 2037.55 127.691
1550.95 2037.63 127.664
1551.81 2037.7 127.637
1552.68 2037.78 127.609
1553.54 2037.86 127.582
1554.41 2037.93 127.555
1555.27 2038.01 127.527
1556.14 2038.08 127.5
1557 2038.16 127.472
1557.87 2038.24 127.445
1558.73 2038.31 127.418
1559.6 2038.39 127.39
1560.46 2038.46 127.363
1561.33 2038.54 127.335
1562.19 2038.62 127.308
1563.05 2038.69 127.281
1563.92 2038.77 127.253
1564.78 2038.84 127.226
1565.65 2038.92 127.198
1566.51 2039 127.171
1567.38 2039.07 127.144
1568.24 2039.15 127.116
1569.11 2039.22 127.089
1569.97 2039.3 127.062
1570.84 2039.38 127.034
1571.7 2039.45 127.007
1572.57 2039.53 126.979
1573.43 2039.6 126.952
1574.3 2039.68 126.925
1575.16 2039.76 126.897
1576.03 2039.83 126.87
1576.89 2039.91 126.842
1577.76 2039.99 126.815
1578.62 2040.06 126.788
1579.49 2040.14 126.76
1580.35 2040.21 126.733
1581.22 2040.29 126.705
1582.08 2040.37 126.678
1582.95 2040.44 126.651
1583.81 2040.52 126.623
1584.68 2040.59 126.596
1585.54 2040.67 126.569
1586.41 2040.75 126.541
1587.27 2040.82 126.514
1588.14 2040.9 126.486
1589 2040.97 126.459
1589.87 2041.05 126.432
1590.73 2041.13 126.404
1591.6 2041.2 126.377
1592.46 2041.28 126.349
1593.33 2041.35 126.322
1594.19 2041.43 126.295
1595.06 2041.51 126.267
1595.92 2041.58 126.24
1596.79 2041.66 126.213
1597.65 2041.73 126.185
1598.52 2041.81 126.158
1599.38 2041.89 126.13
1600.25 2041.96 126.103
1601.11 2042.04 126.076
1601.98 2042.11 126.048
1602.84 2042.19 126.021
1603.71 2042.27 125.993
1604.57 2042.34 125.966
1605.44 2042.42 125.939
1606.3 2042.49 125.911
1607.17 2042.57 125.884
1608.03 2042.65 125.856
1608.9 2042.72 125.829
1609.76 2042.8 125.802
1610.63 2042.88 125.774
1611.49 2042.95 125.747
1612.36 2043.03 125.72
1613.22 2043.1 125.692
1614.09 2043.18 125.665
1614.95 2043.26 125.637
1615.82 2043.33 125.61
1616.68 2043.41 125.583
1617.55 2043.48 125.555
1618.41 2043.56 125.528
1619.27 2043.64 125.5
1620.14 2043.71 125.473
1621 2043.79 125.446
1621.87 2043.86 125.418
1622.73 2043.94 125.391
1623.6 2044.02 125.363
1624.46 2044.09 125.336
1625.33 2044.17 125.309
1626.19 2044.24 125.281
1627.06 2044.32 125.254
1627.92 2044.4 125.227
1628.79 2044.47 125.199
1629.65 2044.55 125.172
1630.52 2044.62 125.144
1631.38 2044.7 125.117
1632.25 2044.78 125.09
1633.11 2044.85 125.062
1633.98 2044.93 125.035
1634.84 2045 125.007
1635.71 2045.08 124.98
1636.57 2045.16 124.953
1637.44 2045.23 124.925
1638.3 2045.31 124.898
1639.17 2045.39 124.87
1640.03 2045.46 124.843
1640.9 2045.54 124.816
1641.76 2045.61 124.788
1642.63 2045.69 124.761
1643.49 2045.77 124.734
1644.36 2045.84 124.706
1645.22 2045.92 124.679
1646.09 2045.99 124.651
1646.95 2046.07 124.624
1647.82 2046.15 124.597
1648.68 2046.22 124.569
1649.55 2046.3 124.542
1650.41 2046.37 124.514
1651.28 2046.45 124.487
1652.14 2046.53 124.46
1653.01 2046.6 124.432
1653.87 2046.68 124.405
1654.73 2046.75 124.377
1655.6 2046.83 124.35
1656.46 2046.9 124.322
1657.32 2046.97 124.295
1658.18 2047.05 124.267
1659.04 2047.12 124.239
1659.9 2047.2 124.212
1660.76 2047.27 124.184
1661.62 2047.34 124.156
1662.48 2047.41 124.128
1663.33 2047.48 124.1
1664.19 2047.55 124.072
1665.04 2047.62 124.044
1665.9 2047.69 124.016
1666.75 2047.76 123.988
1667.6 2047.83 123.96
1668.45 2047.89 123.932
1669.3 2047.96 123.903
1670.14 2048.02 123.875
1670.99 2048.09 123.846
1671.83 2048.15 123.817
1672.67 2048.21 123.789
1673.52 2048.27 123.76
1674.35 2048.33 123.731
1675.19 2048.39 123.702
1676.03 2048.45 123.673
1676.86 2048.51 123.643
1677.69 2048.56 123.614
1678.52 2048.62 123.585
1679.35 2048.67 123.555
1680.18 2048.72 123.525
1681 2048.77 123.495
1681.82 2048.82 123.465
1682.64 2048.87 123.435
1683.46 2048.92 123.405
1684.27 2048.96 123.374
1685.08 2049.01 123.344
1685.89 2049.05 123.313
1686.7 2049.09 123.282
1687.51 2049.13 123.251
1688.31 2049.16 123.22
1689.11 2049.2 123.189
1689.91 2049.23 123.157
1690.7 2049.27 123.125
1691.49 2049.3 123.094
1692.28 2049.33 123.062
1693.06 2049.35 123.029
1693.84 2049.38 122.997
1694.62 2049.4 122.964
1695.4 2049.42 122.932
1696.17 2049.44 122.899
1696.94 2049.46 122.866
1697.71 2049.48 122.832
1698.47 2049.49 122.799
1699.23 2049.5 122.765
1699.99 2049.51 122.731
1700.74 2049.52 122.697
1701.49 2049.52 122.662
1702.24 2049.52 122.628
1702.98 2049.52 122.593
1703.72 2049.52 122.558
1704.45 2049.52 122.523
1705.18 2049.51 122.487
1705.91 2049.5 122.452
1706.64 2049.49 122.416
1707.36 2049.48 122.38
1708.08 2049.47 122.344
1708.8 2049.45 122.307
1709.51 2049.44 122.271
1710.22 2049.42 122.234
1710.93 2049.4 122.197
1711.63 2049.37 122.16
1712.34 2049.35 122.123
1713.03 2049.32 122.086
1713.73 2049.3 122.048
1714.43 2049.27 122.01
1715.12 2049.24 121.973
1715.81 2049.2 121.935
1716.5 2049.17 121.897
1717.18 2049.14 121.858
1717.86 2049.1 121.82
1718.54 2049.06 121.781
1719.22 2049.02 121.743
1719.9 2048.98 121.704
1720.57 2048.94 121.665
1721.24 2048.9 121.626
1721.91 2048.85 121.587
1722.58 2048.81 121.547
1723.25 2048.76 121.508
1723.91 2048.71 121.468
1724.57 2048.67 121.429
1725.23 2048.62 121.389
1725.89 2048.57 121.349
1726.55 2048.51 121.309
1727.21 2048.46 121.269
1727.86 2048.41 121.229
1728.52 2048.35 121.189
1729.17 2048.3 121.149
1729.82 2048.24 121.109
1730.47 2048.19 121.068
1731.12 2048.13 121.028
1731.76 2048.07 120.987
1732.41 2048.01 120.947
1733.06 2047.95 120.906
1733.7 2047.89 120.865
1734.99 2047.77 120.784
1736.27 2047.65 120.702
1737.55 2047.52 120.62
1738.83 2047.4 120.538
1740.1 2047.27 120.456
1741.38 2047.14 120.373
1742.65 2047.01 120.291
1743.29 2046.95 120.25
1743.93 2046.89 120.209
1745.2 2046.76 120.126
1745.84 2046.69 120.085
1746.47 2046.63 120.044
1747.75 2046.5 119.962
1748.38 2046.43 119.921
1749.02 2046.37 119.879
1750.29 2046.24 119.797
1750.93 2046.18 119.756
1751.57 2046.11 119.715
1752.84 2045.98 119.632
1753.48 2045.92 119.591
1754.11 2045.85 119.55
1755.39 2045.72 119.468
1756.03 2045.66 119.427
1756.66 2045.6 119.385
1757.94 2045.47 119.303
1758.57 2045.4 119.262
1759.21 2045.34 119.221
1760.48 2045.21 119.138
1761.12 2045.14 119.097
1761.76 2045.08 119.056
1763.03 2044.95 118.974
1763.67 2044.89 118.933
1764.3 2044.82 118.891
1765.58 2044.69 118.809
1766.21 2044.63 118.768
1766.85 2044.56 118.727
1768.12 2044.43 118.644
1768.76 2044.37 118.603
1769.4 2044.31 118.562
1770.67 2044.18 118.48
1771.31 2044.11 118.438
1771.94 2044.05 118.397
1773.22 2043.92 118.315
1773.85 2043.85 118.274
1774.49 2043.79 118.233
1775.77 2043.66 118.15
1776.4 2043.6 118.109
1777.04 2043.53 118.068
1778.31 2043.4 117.986
1778.95 2043.34 117.944
1779.59 2043.27 117.903
1780.86 2043.14 117.821
1781.5 2043.08 117.78
1782.13 2043.02 117.739
1783.41 2042.89 117.656
1784.04 2042.82 117.615
1784.68 2042.76 117.574
1785.95 2042.63 117.492
1786.59 2042.56 117.45
1787.23 2042.5 117.409
1788.5 2042.37 117.327
1789.14 2042.31 117.286
1789.77 2042.24 117.244
1791.05 2042.11 117.162
1791.68 2042.05 117.121
1792.32 2041.98 117.08
1793.59 2041.85 116.997
1794.23 2041.79 116.956
1794.87 2041.73 116.915
1796.14 2041.6 116.833
1796.78 2041.53 116.792
1797.42 2041.47 116.75
1798.69 2041.34 116.668
1799.33 2041.27 116.627
1799.96 2041.21 116.586
1801.24 2041.08 116.503
1801.87 2041.02 116.462
1802.51 2040.95 116.421
1803.78 2040.82 116.339
1804.42 2040.76 116.298
1805.06 2040.69 116.256
1806.33 2040.56 116.174
1806.97 2040.5 116.133
1807.6 2040.44 116.092
1808.88 2040.31 116.009
1809.51 2040.24 115.968
1810.15 2040.18 115.927
1811.42 2040.05 115.845
1812.06 2039.98 115.804
1812.7 2039.92 115.762
1813.97 2039.79 115.68
1814.61 2039.73 115.639
1815.25 2039.66 115.598
1816.52 2039.53 115.515
1817.16 2039.47 115.474
1817.79 2039.4 115.433
1819.07 2039.27 115.351
1819.7 2039.21 115.309
1820.34 2039.15 115.268
1821.61 2039.02 115.186
1822.25 2038.95 115.145
1822.89 2038.89 115.104
1824.16 2038.76 115.021
1824.8 2038.69 114.98
1825.43 2038.63 114.939
1826.71 2038.5 114.857
1827.34 2038.44 114.815
1827.98 2038.37 114.774
1829.25 2038.24 114.692
1829.89 2038.18 114.651
1830.53 2038.11 114.609
1831.8 2037.98 114.527
1833.07 2037.85 114.444
1833.7 2037.79 114.403
1834.34 2037.72 114.362
1835.6 2037.59 114.279
1836.87 2037.45 114.196
1838.13 2037.32 114.113
1838.76 2037.25 114.072
1839.39 2037.18 114.03
1840.65 2037.04 113.947
1841.91 2036.9 113.864
1843.16 2036.76 113.78
1844.41 2036.62 113.696
1845.66 2036.47 113.612
1846.9 2036.32 113.528
1848.14 2036.17 113.444
1849.38 2036.02 113.359
1850.61 2035.87 113.274
1851.84 2035.71 113.189
1853.06 2035.55 113.104
1854.27 2035.39 113.018
1855.49 2035.22 112.932
1856.69 2035.05 112.845
1857.89 2034.87 112.759
1859.09 2034.7 112.672
1860.28 2034.52 112.584
1861.46 2034.33 112.496
1862.64 2034.14 112.408
1863.81 2033.95 112.32
1864.97 2033.75 112.231
1866.13 2033.55 112.141
1867.28 2033.35 112.051
1868.42 2033.14 111.961
1869.56 2032.92 111.87
1870.68 2032.7 111.779
1871.81 2032.48 111.688
1872.93 2032.26 111.596
1874.04 2032.03 111.504
1875.15 2031.8 111.412
1876.25 2031.56 111.319
1877.34 2031.33 111.226
1878.44 2031.08 111.133
1879.52 2030.84 111.039
1880.61 2030.6 110.945
1881.69 2030.35 110.851
1882.76 2030.1 110.757
1883.83 2029.84 110.662
1884.9 2029.59 110.568
1885.97 2029.33 110.473
1887.03 2029.07 110.378
1888.09 2028.81 110.282
1889.15 2028.55 110.187
1890.21 2028.29 110.091
1891.26 2028.02 109.996
1892.31 2027.76 109.9
1893.36 2027.49 109.804
1894.41 2027.22 109.708
1895.46 2026.95 109.612
1896.5 2026.68 109.516
1897.55 2026.42 109.42
1898.6 2026.15 109.324
1899.64 2025.88 109.228
1900.69 2025.61 109.132
1901.73 2025.34 109.036
1902.78 2025.07 108.94
1903.82 2024.8 108.843
1904.35 2024.66 108.795
1904.87 2024.53 108.747
1905.91 2024.26 108.651
1906.96 2023.99 108.555
1907.48 2023.85 108.507
1908 2023.72 108.459
1908.53 2023.59 108.411
1909.05 2023.45 108.363
1910.09 2023.18 108.267
1910.62 2023.05 108.219
1911.14 2022.91 108.171
1912.19 2022.64 108.074
1913.23 2022.37 107.978
1913.75 2022.24 107.93
1914.28 2022.1 107.882
1914.8 2021.97 107.834
1915.32 2021.83 107.786
1916.37 2021.56 107.69
1916.89 2021.43 107.642
1917.41 2021.29 107.594
1918.46 2021.02 107.498
1919.5 2020.76 107.402
1920.03 2020.62 107.354
1920.55 2020.49 107.305
1921.07 2020.35 107.257
1921.59 2020.22 107.209
1922.64 2019.95 107.113
1923.16 2019.81 107.065
1923.69 2019.68 107.017
1924.73 2019.41 106.921
1925.78 2019.14 106.825
1926.3 2019 106.777
1926.82 2018.87 106.729
1927.34 2018.73 106.681
1927.87 2018.6 106.633
1928.91 2018.33 106.536
1929.43 2018.19 106.488
1929.96 2018.06 106.44
1931 2017.79 106.344
1932.05 2017.52 106.248
1932.57 2017.39 106.2
1933.09 2017.25 106.152
1933.62 2017.12 106.104
1934.14 2016.98 106.056
1935.18 2016.71 105.96
1935.71 2016.58 105.912
1936.23 2016.44 105.864
1937.28 2016.17 105.767
1938.32 2015.9 105.671
1938.84 2015.77 105.623
1939.37 2015.63 105.575
1939.89 2015.5 105.527
1940.41 2015.36 105.479
1941.46 2015.09 105.383
1941.98 2014.96 105.335
1942.5 2014.83 105.287
1943.55 2014.56 105.191
1944.59 2014.29 105.095
1945.12 2014.15 105.047
1945.64 2014.02 104.998
1946.16 2013.88 104.95
1946.68 2013.75 104.902
1947.73 2013.48 104.806
1948.25 2013.34 104.758
1948.77 2013.21 104.71
1949.82 2012.94 104.614
1950.34 2012.8 104.566
1950.87 2012.67 104.518
1951.91 2012.4 104.422
1952.43 2012.26 104.374
1952.96 2012.13 104.326
1954 2011.86 104.229
1954.52 2011.73 104.181
1955.05 2011.59 104.133
1956.09 2011.32 104.037
1956.62 2011.19 103.989
1957.14 2011.05 103.941
1958.18 2010.78 103.845
1958.71 2010.65 103.797
1959.23 2010.51 103.749
1960.27 2010.24 103.653
1960.8 2010.11 103.605
1961.32 2009.97 103.557
1962.37 2009.7 103.46
1962.89 2009.57 103.412
1963.41 2009.43 103.364
1964.46 2009.16 103.268
1964.98 2009.03 103.22
1965.5 2008.9 103.172
1966.55 2008.63 103.076
1967.07 2008.49 103.028
1967.59 2008.36 102.98
1968.64 2008.09 102.884
1969.16 2007.95 102.836
1969.68 2007.82 102.788
1970.73 2007.55 102.691
1971.25 2007.41 102.643
1971.77 2007.28 102.595
1972.82 2007.01 102.499
1973.34 2006.87 102.451
1973.86 2006.74 102.403
1974.91 2006.47 102.307
1975.43 2006.33 102.259
1975.96 2006.2 102.211
1977 2005.93 102.115
1977.52 2005.8 102.067
1978.05 2005.66 102.019
1979.09 2005.39 101.922
1979.61 2005.26 101.874
1980.14 2005.12 101.826
1981.18 2004.85 101.73
1981.71 2004.72 101.682
1982.23 2004.58 101.634
1983.27 2004.31 101.538
1983.8 2004.18 101.49
1984.32 2004.04 101.442
1985.36 2003.77 101.346
1985.89 2003.64 101.298
1986.41 2003.5 101.25
1987.46 2003.23 101.153
1987.98 2003.1 101.105
1988.5 2002.97 101.057
1989.55 2002.7 100.961
1990.07 2002.56 100.913
1990.59 2002.43 100.865
1991.64 2002.16 100.769
1992.16 2002.02 100.721
1992.68 2001.89 100.673
1993.73 2001.62 100.577
1994.25 2001.48 100.529
1994.77 2001.35 100.481
1995.82 2001.08 100.384
1996.34 2000.94 100.336
1996.86 2000.81 100.288
1997.91 2000.54 100.192
1998.95 2000.27 100.096
2000 2000 100
